0.000000000000000000e+00 0.000000000000000000e+00
5.099999999999999672e-02 0.000000000000000000e+00
1.010000000000000064e-01 0.000000000000000000e+00
1.519999999999999962e-01 0.000000000000000000e+00
2.030000000000000138e-01 0.000000000000000000e+00
2.899999999999999800e-01 0.000000000000000000e+00
3.410000000000000253e-01 0.000000000000000000e+00
3.910000000000000142e-01 0.000000000000000000e+00
4.420000000000000040e-01 0.000000000000000000e+00
4.929999999999999938e-01 0.000000000000000000e+00
5.440000000000000391e-01 0.000000000000000000e+00
5.949999999999999734e-01 0.000000000000000000e+00
6.460000000000000187e-01 0.000000000000000000e+00
6.969999999999999529e-01 0.000000000000000000e+00
7.479999999999999982e-01 0.000000000000000000e+00
7.990000000000000435e-01 0.000000000000000000e+00
8.499999999999999778e-01 0.000000000000000000e+00
9.010000000000000231e-01 0.000000000000000000e+00
9.519999999999999574e-01 0.000000000000000000e+00
1.002999999999999892e+00 0.000000000000000000e+00
1.054000000000000048e+00 0.000000000000000000e+00
1.104999999999999982e+00 0.000000000000000000e+00
1.155000000000000027e+00 0.000000000000000000e+00
1.205999999999999961e+00 0.000000000000000000e+00
1.256999999999999895e+00 0.000000000000000000e+00
1.308000000000000052e+00 0.000000000000000000e+00
1.360000000000000098e+00 0.000000000000000000e+00
1.411000000000000032e+00 0.000000000000000000e+00
1.461999999999999966e+00 0.000000000000000000e+00
1.512999999999999901e+00 0.000000000000000000e+00
1.564000000000000057e+00 0.000000000000000000e+00
1.614999999999999991e+00 0.000000000000000000e+00
1.665999999999999925e+00 0.000000000000000000e+00
1.717000000000000082e+00 0.000000000000000000e+00
1.768000000000000016e+00 0.000000000000000000e+00
1.820999999999999952e+00 0.000000000000000000e+00
1.872000000000000108e+00 0.000000000000000000e+00
1.923000000000000043e+00 0.000000000000000000e+00
1.975999999999999979e+00 0.000000000000000000e+00
2.027000000000000135e+00 0.000000000000000000e+00
2.112000000000000099e+00 0.000000000000000000e+00
2.162999999999999812e+00 0.000000000000000000e+00
2.213999999999999968e+00 1.000000000000000000e+00
2.265000000000000124e+00 0.000000000000000000e+00
2.315999999999999837e+00 0.000000000000000000e+00
2.366999999999999993e+00 0.000000000000000000e+00
2.418000000000000149e+00 0.000000000000000000e+00
2.468999999999999861e+00 0.000000000000000000e+00
2.520000000000000018e+00 0.000000000000000000e+00
2.572000000000000064e+00 0.000000000000000000e+00
2.623000000000000220e+00 1.000000000000000000e+00
2.673999999999999932e+00 0.000000000000000000e+00
2.724000000000000199e+00 0.000000000000000000e+00
2.775999999999999801e+00 0.000000000000000000e+00
2.826999999999999957e+00 0.000000000000000000e+00
2.876999999999999780e+00 1.000000000000000000e+00
2.927999999999999936e+00 0.000000000000000000e+00
2.979000000000000092e+00 0.000000000000000000e+00
3.031000000000000139e+00 0.000000000000000000e+00
3.081999999999999851e+00 0.000000000000000000e+00
3.133000000000000007e+00 0.000000000000000000e+00
3.184000000000000163e+00 0.000000000000000000e+00
3.234999999999999876e+00 0.000000000000000000e+00
3.286000000000000032e+00 0.000000000000000000e+00
3.337000000000000188e+00 0.000000000000000000e+00
3.387999999999999901e+00 2.900000000000000000e+01
3.439999999999999947e+00 1.300000000000000000e+01
3.491000000000000103e+00 0.000000000000000000e+00
3.540999999999999925e+00 0.000000000000000000e+00
3.592000000000000082e+00 0.000000000000000000e+00
3.642999999999999794e+00 0.000000000000000000e+00
3.693999999999999950e+00 0.000000000000000000e+00
3.745000000000000107e+00 0.000000000000000000e+00
3.795999999999999819e+00 1.000000000000000000e+00
3.846999999999999975e+00 0.000000000000000000e+00
3.899000000000000021e+00 1.000000000000000000e+00
3.950000000000000178e+00 0.000000000000000000e+00
4.036999999999999922e+00 0.000000000000000000e+00
4.088000000000000078e+00 0.000000000000000000e+00
4.139000000000000234e+00 0.000000000000000000e+00
4.190000000000000391e+00 0.000000000000000000e+00
4.240999999999999659e+00 0.000000000000000000e+00
4.291999999999999815e+00 0.000000000000000000e+00
4.344000000000000306e+00 0.000000000000000000e+00
4.394000000000000128e+00 0.000000000000000000e+00
4.445000000000000284e+00 0.000000000000000000e+00
4.496000000000000441e+00 1.400000000000000000e+01
4.546999999999999709e+00 0.000000000000000000e+00
4.597999999999999865e+00 3.000000000000000000e+00
4.649000000000000021e+00 0.000000000000000000e+00
4.700000000000000178e+00 3.000000000000000000e+00
4.751999999999999780e+00 0.000000000000000000e+00
4.802999999999999936e+00 0.000000000000000000e+00
4.854000000000000092e+00 0.000000000000000000e+00
4.905000000000000249e+00 2.000000000000000000e+00
4.956000000000000405e+00 0.000000000000000000e+00
5.006999999999999673e+00 0.000000000000000000e+00
5.057999999999999829e+00 5.000000000000000000e+00
5.108999999999999986e+00 1.000000000000000000e+00
5.160000000000000142e+00 0.000000000000000000e+00
5.211000000000000298e+00 6.000000000000000000e+00
5.261999999999999567e+00 5.000000000000000000e+00
5.312999999999999723e+00 0.000000000000000000e+00
5.363999999999999879e+00 0.000000000000000000e+00
5.415000000000000036e+00 0.000000000000000000e+00
5.466000000000000192e+00 0.000000000000000000e+00
5.517000000000000348e+00 7.000000000000000000e+00
5.567999999999999616e+00 0.000000000000000000e+00
5.620000000000000107e+00 0.000000000000000000e+00
5.671000000000000263e+00 0.000000000000000000e+00
5.722000000000000419e+00 0.000000000000000000e+00
5.772999999999999687e+00 0.000000000000000000e+00
5.823999999999999844e+00 0.000000000000000000e+00
5.875000000000000000e+00 0.000000000000000000e+00
5.961000000000000298e+00 0.000000000000000000e+00
6.011999999999999567e+00 0.000000000000000000e+00
6.062999999999999723e+00 0.000000000000000000e+00
6.113999999999999879e+00 0.000000000000000000e+00
6.163999999999999702e+00 5.000000000000000000e+00
6.214999999999999858e+00 0.000000000000000000e+00
6.266000000000000014e+00 0.000000000000000000e+00
6.317000000000000171e+00 0.000000000000000000e+00
6.368000000000000327e+00 0.000000000000000000e+00
6.418999999999999595e+00 0.000000000000000000e+00
6.469999999999999751e+00 0.000000000000000000e+00
6.520999999999999908e+00 1.000000000000000000e+00
6.572000000000000064e+00 1.000000000000000000e+00
6.623000000000000220e+00 1.000000000000000000e+00
6.674000000000000377e+00 0.000000000000000000e+00
6.724999999999999645e+00 0.000000000000000000e+00
6.775999999999999801e+00 4.000000000000000000e+00
6.825999999999999623e+00 0.000000000000000000e+00
6.876999999999999780e+00 1.000000000000000000e+00
6.929000000000000270e+00 0.000000000000000000e+00
6.979000000000000092e+00 0.000000000000000000e+00
7.030000000000000249e+00 0.000000000000000000e+00
7.081000000000000405e+00 0.000000000000000000e+00
7.131999999999999673e+00 3.000000000000000000e+00
7.182999999999999829e+00 0.000000000000000000e+00
7.233999999999999986e+00 0.000000000000000000e+00
7.285000000000000142e+00 0.000000000000000000e+00
7.336000000000000298e+00 0.000000000000000000e+00
7.386999999999999567e+00 0.000000000000000000e+00
7.437999999999999723e+00 1.000000000000000000e+00
7.488999999999999879e+00 1.000000000000000000e+00
7.540000000000000036e+00 0.000000000000000000e+00
7.591000000000000192e+00 0.000000000000000000e+00
7.641000000000000014e+00 0.000000000000000000e+00
7.692000000000000171e+00 0.000000000000000000e+00
7.743000000000000327e+00 1.000000000000000000e+00
7.801000000000000156e+00 2.000000000000000000e+00
7.884999999999999787e+00 0.000000000000000000e+00
7.935999999999999943e+00 3.000000000000000000e+00
7.987000000000000099e+00 0.000000000000000000e+00
8.038000000000000256e+00 0.000000000000000000e+00
8.089000000000000412e+00 0.000000000000000000e+00
8.140000000000000568e+00 3.000000000000000000e+00
8.191000000000000725e+00 0.000000000000000000e+00
8.242000000000000881e+00 3.000000000000000000e+00
8.292999999999999261e+00 0.000000000000000000e+00
8.345000000000000639e+00 0.000000000000000000e+00
8.396000000000000796e+00 1.000000000000000000e+00
8.446999999999999176e+00 1.000000000000000000e+00
8.503000000000000114e+00 0.000000000000000000e+00
8.554000000000000270e+00 1.000000000000000000e+00
8.605000000000000426e+00 2.000000000000000000e+00
8.657999999999999474e+00 1.000000000000000000e+00
8.708999999999999631e+00 3.000000000000000000e+00
8.759999999999999787e+00 0.000000000000000000e+00
8.811999999999999389e+00 0.000000000000000000e+00
8.862999999999999545e+00 0.000000000000000000e+00
8.913999999999999702e+00 0.000000000000000000e+00
8.964999999999999858e+00 0.000000000000000000e+00
9.016000000000000014e+00 0.000000000000000000e+00
9.067000000000000171e+00 0.000000000000000000e+00
9.118000000000000327e+00 0.000000000000000000e+00
9.169000000000000483e+00 0.000000000000000000e+00
9.220000000000000639e+00 0.000000000000000000e+00
9.271000000000000796e+00 1.000000000000000000e+00
9.321999999999999176e+00 0.000000000000000000e+00
9.372999999999999332e+00 0.000000000000000000e+00
9.423999999999999488e+00 1.414213562400000068e+00
9.474999999999999645e+00 0.000000000000000000e+00
9.525999999999999801e+00 0.000000000000000000e+00
9.576999999999999957e+00 0.000000000000000000e+00
9.628999999999999559e+00 0.000000000000000000e+00
9.679999999999999716e+00 0.000000000000000000e+00
9.766000000000000014e+00 0.000000000000000000e+00
9.817000000000000171e+00 1.000000000000000000e+00
9.868000000000000327e+00 0.000000000000000000e+00
9.919000000000000483e+00 1.000000000000000000e+00
9.970000000000000639e+00 0.000000000000000000e+00
1.002100000000000080e+01 1.000000000000000000e+00
1.007199999999999918e+01 0.000000000000000000e+00
1.012299999999999933e+01 1.000000000000000000e+00
1.017399999999999949e+01 0.000000000000000000e+00
1.022499999999999964e+01 1.000000000000000000e+00
1.027599999999999980e+01 0.000000000000000000e+00
1.032600000000000051e+01 0.000000000000000000e+00
1.037700000000000067e+01 0.000000000000000000e+00
1.042800000000000082e+01 0.000000000000000000e+00
1.047899999999999920e+01 0.000000000000000000e+00
1.052999999999999936e+01 0.000000000000000000e+00
1.058099999999999952e+01 0.000000000000000000e+00
1.063299999999999912e+01 5.000000000000000000e+00
1.068399999999999928e+01 0.000000000000000000e+00
1.073499999999999943e+01 0.000000000000000000e+00
1.078599999999999959e+01 0.000000000000000000e+00
1.083699999999999974e+01 0.000000000000000000e+00
1.088799999999999990e+01 0.000000000000000000e+00
1.093900000000000006e+01 3.230000000000000000e+02
1.098900000000000077e+01 9.910000000000000000e+02
1.104100000000000037e+01 0.000000000000000000e+00
1.109200000000000053e+01 1.580000000000000000e+02
1.114199999999999946e+01 1.120000000000000000e+02
1.119299999999999962e+01 0.000000000000000000e+00
1.124399999999999977e+01 6.762396025079999617e+01
1.129499999999999993e+01 1.100000000000000000e+01
1.134600000000000009e+01 1.000000000000000000e+00
1.139700000000000024e+01 7.280109889300000248e+00
1.144800000000000040e+01 2.000000000000000000e+00
1.149900000000000055e+01 0.000000000000000000e+00
1.155000000000000071e+01 1.000000000000000000e+01
1.163100000000000023e+01 0.000000000000000000e+00
1.168599999999999994e+01 0.000000000000000000e+00
1.173700000000000010e+01 4.000000000000000000e+00
1.178800000000000026e+01 0.000000000000000000e+00
1.183900000000000041e+01 1.000000000000000000e+00
1.188899999999999935e+01 2.000000000000000000e+00
1.194100000000000072e+01 0.000000000000000000e+00
1.199099999999999966e+01 1.000000000000000000e+00
1.204199999999999982e+01 3.000000000000000000e+00
1.209299999999999997e+01 0.000000000000000000e+00
1.214400000000000013e+01 0.000000000000000000e+00
1.219500000000000028e+01 0.000000000000000000e+00
1.224600000000000044e+01 0.000000000000000000e+00
1.229700000000000060e+01 0.000000000000000000e+00
1.234900000000000020e+01 0.000000000000000000e+00
1.240000000000000036e+01 0.000000000000000000e+00
1.245100000000000051e+01 0.000000000000000000e+00
1.250200000000000067e+01 0.000000000000000000e+00
1.255300000000000082e+01 0.000000000000000000e+00
1.260399999999999920e+01 0.000000000000000000e+00
1.265499999999999936e+01 0.000000000000000000e+00
1.270599999999999952e+01 0.000000000000000000e+00
1.275699999999999967e+01 0.000000000000000000e+00
1.280799999999999983e+01 0.000000000000000000e+00
1.285800000000000054e+01 0.000000000000000000e+00
1.290900000000000070e+01 0.000000000000000000e+00
1.296000000000000085e+01 0.000000000000000000e+00
1.301099999999999923e+01 0.000000000000000000e+00
1.306199999999999939e+01 0.000000000000000000e+00
1.311400000000000077e+01 0.000000000000000000e+00
1.316499999999999915e+01 1.000000000000000000e+00
1.321599999999999930e+01 0.000000000000000000e+00
1.326699999999999946e+01 0.000000000000000000e+00
1.331799999999999962e+01 0.000000000000000000e+00
1.336899999999999977e+01 0.000000000000000000e+00
1.341999999999999993e+01 0.000000000000000000e+00
1.347100000000000009e+01 0.000000000000000000e+00
1.355199999999999960e+01 0.000000000000000000e+00
1.360800000000000054e+01 0.000000000000000000e+00
1.365799999999999947e+01 0.000000000000000000e+00
1.370899999999999963e+01 0.000000000000000000e+00
1.375999999999999979e+01 0.000000000000000000e+00
1.381000000000000050e+01 0.000000000000000000e+00
1.386100000000000065e+01 0.000000000000000000e+00
1.391200000000000081e+01 2.000000000000000000e+00
1.396299999999999919e+01 0.000000000000000000e+00
1.401399999999999935e+01 0.000000000000000000e+00
1.406499999999999950e+01 1.000000000000000000e+00
1.411599999999999966e+01 0.000000000000000000e+00
1.416699999999999982e+01 1.000000000000000000e+00
1.421799999999999997e+01 1.000000000000000000e+00
1.426900000000000013e+01 1.000000000000000000e+00
1.432000000000000028e+01 0.000000000000000000e+00
1.437100000000000044e+01 0.000000000000000000e+00
1.442200000000000060e+01 1.000000000000000000e+00
1.447300000000000075e+01 0.000000000000000000e+00
1.452399999999999913e+01 0.000000000000000000e+00
1.457499999999999929e+01 0.000000000000000000e+00
1.462500000000000000e+01 1.000000000000000000e+00
1.467600000000000016e+01 0.000000000000000000e+00
1.472700000000000031e+01 0.000000000000000000e+00
1.477899999999999991e+01 0.000000000000000000e+00
1.483000000000000007e+01 0.000000000000000000e+00
1.488100000000000023e+01 0.000000000000000000e+00
1.493200000000000038e+01 1.000000000000000000e+00
1.498300000000000054e+01 0.000000000000000000e+00
1.503400000000000070e+01 0.000000000000000000e+00
1.508500000000000085e+01 0.000000000000000000e+00
1.513599999999999923e+01 0.000000000000000000e+00
1.518699999999999939e+01 0.000000000000000000e+00
1.523799999999999955e+01 0.000000000000000000e+00
1.528899999999999970e+01 1.000000000000000000e+00
1.534200000000000053e+01 0.000000000000000000e+00
1.542200000000000060e+01 0.000000000000000000e+00
1.547700000000000031e+01 1.000000000000000000e+00
1.552800000000000047e+01 0.000000000000000000e+00
1.557900000000000063e+01 0.000000000000000000e+00
1.563000000000000078e+01 0.000000000000000000e+00
1.568099999999999916e+01 1.000000000000000000e+00
1.573199999999999932e+01 0.000000000000000000e+00
1.578299999999999947e+01 0.000000000000000000e+00
1.583399999999999963e+01 0.000000000000000000e+00
1.588499999999999979e+01 0.000000000000000000e+00
1.593599999999999994e+01 0.000000000000000000e+00
1.598700000000000010e+01 1.000000000000000000e+00
1.603800000000000026e+01 0.000000000000000000e+00
1.608899999999999864e+01 1.000000000000000000e+00
1.614000000000000057e+01 0.000000000000000000e+00
1.619000000000000128e+01 0.000000000000000000e+00
1.624099999999999966e+01 0.000000000000000000e+00
1.629200000000000159e+01 0.000000000000000000e+00
1.634299999999999997e+01 0.000000000000000000e+00
1.639300000000000068e+01 0.000000000000000000e+00
1.644399999999999906e+01 0.000000000000000000e+00
1.649500000000000099e+01 0.000000000000000000e+00
1.654599999999999937e+01 0.000000000000000000e+00
1.659700000000000131e+01 1.000000000000000000e+00
1.664799999999999969e+01 0.000000000000000000e+00
1.669900000000000162e+01 0.000000000000000000e+00
1.675000000000000000e+01 0.000000000000000000e+00
1.680099999999999838e+01 1.000000000000000000e+00
1.685200000000000031e+01 0.000000000000000000e+00
1.690299999999999869e+01 0.000000000000000000e+00
1.695400000000000063e+01 0.000000000000000000e+00
1.700499999999999901e+01 0.000000000000000000e+00
1.705600000000000094e+01 0.000000000000000000e+00
1.710600000000000165e+01 0.000000000000000000e+00
1.715700000000000003e+01 0.000000000000000000e+00
1.720799999999999841e+01 0.000000000000000000e+00
1.725900000000000034e+01 0.000000000000000000e+00
1.734799999999999898e+01 0.000000000000000000e+00
1.739900000000000091e+01 0.000000000000000000e+00
1.744999999999999929e+01 0.000000000000000000e+00
1.750100000000000122e+01 0.000000000000000000e+00
1.755199999999999960e+01 0.000000000000000000e+00
1.760300000000000153e+01 0.000000000000000000e+00
1.765399999999999991e+01 0.000000000000000000e+00
1.770599999999999952e+01 0.000000000000000000e+00
1.775700000000000145e+01 0.000000000000000000e+00
1.780799999999999983e+01 0.000000000000000000e+00
1.785900000000000176e+01 1.000000000000000000e+00
1.790899999999999892e+01 0.000000000000000000e+00
1.796000000000000085e+01 1.000000000000000000e+00
1.801200000000000045e+01 0.000000000000000000e+00
1.806200000000000117e+01 0.000000000000000000e+00
1.811299999999999955e+01 0.000000000000000000e+00
1.816400000000000148e+01 0.000000000000000000e+00
1.821499999999999986e+01 0.000000000000000000e+00
1.826599999999999824e+01 0.000000000000000000e+00
1.831800000000000139e+01 0.000000000000000000e+00
1.836899999999999977e+01 0.000000000000000000e+00
1.842000000000000171e+01 0.000000000000000000e+00
1.847100000000000009e+01 0.000000000000000000e+00
1.852199999999999847e+01 0.000000000000000000e+00
1.857300000000000040e+01 1.000000000000000000e+00
1.862399999999999878e+01 0.000000000000000000e+00
1.867500000000000071e+01 1.000000000000000000e+00
1.872599999999999909e+01 0.000000000000000000e+00
1.877700000000000102e+01 0.000000000000000000e+00
1.882799999999999940e+01 0.000000000000000000e+00
1.887900000000000134e+01 0.000000000000000000e+00
1.892999999999999972e+01 0.000000000000000000e+00
1.898100000000000165e+01 0.000000000000000000e+00
1.903200000000000003e+01 0.000000000000000000e+00
1.908299999999999841e+01 0.000000000000000000e+00
1.913400000000000034e+01 0.000000000000000000e+00
1.918499999999999872e+01 0.000000000000000000e+00
1.927199999999999847e+01 1.000000000000000000e+00
1.932300000000000040e+01 0.000000000000000000e+00
1.937399999999999878e+01 0.000000000000000000e+00
1.942500000000000071e+01 0.000000000000000000e+00
1.947599999999999909e+01 0.000000000000000000e+00
1.952700000000000102e+01 0.000000000000000000e+00
1.957799999999999940e+01 1.000000000000000000e+00
1.962800000000000011e+01 0.000000000000000000e+00
1.967899999999999849e+01 0.000000000000000000e+00
1.973100000000000165e+01 0.000000000000000000e+00
1.978099999999999881e+01 0.000000000000000000e+00
1.983200000000000074e+01 0.000000000000000000e+00
1.988299999999999912e+01 1.000000000000000000e+00
1.993400000000000105e+01 0.000000000000000000e+00
1.998600000000000065e+01 0.000000000000000000e+00
2.003699999999999903e+01 0.000000000000000000e+00
2.008800000000000097e+01 0.000000000000000000e+00
2.013899999999999935e+01 0.000000000000000000e+00
2.019000000000000128e+01 0.000000000000000000e+00
2.024099999999999966e+01 0.000000000000000000e+00
2.029200000000000159e+01 0.000000000000000000e+00
2.034299999999999997e+01 0.000000000000000000e+00
2.039399999999999835e+01 0.000000000000000000e+00
2.044500000000000028e+01 0.000000000000000000e+00
2.049599999999999866e+01 0.000000000000000000e+00
2.054700000000000060e+01 0.000000000000000000e+00
2.059799999999999898e+01 0.000000000000000000e+00
2.064900000000000091e+01 1.000000000000000000e+00
2.069999999999999929e+01 0.000000000000000000e+00
2.075100000000000122e+01 0.000000000000000000e+00
2.080199999999999960e+01 0.000000000000000000e+00
2.085300000000000153e+01 0.000000000000000000e+00
2.090399999999999991e+01 0.000000000000000000e+00
2.095499999999999829e+01 0.000000000000000000e+00
2.100600000000000023e+01 1.000000000000000000e+00
2.105799999999999983e+01 0.000000000000000000e+00
2.110900000000000176e+01 0.000000000000000000e+00
2.119500000000000028e+01 1.414213562400000068e+00
2.124599999999999866e+01 1.000000000000000000e+00
2.129700000000000060e+01 0.000000000000000000e+00
2.134799999999999898e+01 0.000000000000000000e+00
2.139900000000000091e+01 0.000000000000000000e+00
2.144999999999999929e+01 1.000000000000000000e+00
2.150799999999999912e+01 1.000000000000000000e+00
2.155900000000000105e+01 0.000000000000000000e+00
2.160999999999999943e+01 0.000000000000000000e+00
2.166199999999999903e+01 0.000000000000000000e+00
2.171300000000000097e+01 0.000000000000000000e+00
2.176399999999999935e+01 0.000000000000000000e+00
2.181500000000000128e+01 0.000000000000000000e+00
2.186599999999999966e+01 0.000000000000000000e+00
2.191700000000000159e+01 0.000000000000000000e+00
2.196799999999999997e+01 0.000000000000000000e+00
2.201899999999999835e+01 0.000000000000000000e+00
2.207000000000000028e+01 0.000000000000000000e+00
2.212099999999999866e+01 0.000000000000000000e+00
2.217200000000000060e+01 0.000000000000000000e+00
2.222500000000000142e+01 0.000000000000000000e+00
2.227599999999999980e+01 0.000000000000000000e+00
2.232700000000000173e+01 1.000000000000000000e+00
2.237999999999999901e+01 0.000000000000000000e+00
2.243100000000000094e+01 1.000000000000000000e+00
2.248199999999999932e+01 0.000000000000000000e+00
2.253300000000000125e+01 0.000000000000000000e+00
2.258399999999999963e+01 0.000000000000000000e+00
2.263500000000000156e+01 0.000000000000000000e+00
2.268599999999999994e+01 0.000000000000000000e+00
2.273600000000000065e+01 0.000000000000000000e+00
2.278699999999999903e+01 0.000000000000000000e+00
2.283800000000000097e+01 0.000000000000000000e+00
2.288899999999999935e+01 0.000000000000000000e+00
2.294000000000000128e+01 0.000000000000000000e+00
2.301899999999999835e+01 0.000000000000000000e+00
2.307300000000000040e+01 0.000000000000000000e+00
2.312399999999999878e+01 0.000000000000000000e+00
2.317500000000000071e+01 0.000000000000000000e+00
2.322599999999999909e+01 0.000000000000000000e+00
2.327700000000000102e+01 0.000000000000000000e+00
2.332799999999999940e+01 0.000000000000000000e+00
2.337900000000000134e+01 0.000000000000000000e+00
2.342999999999999972e+01 1.000000000000000000e+00
2.348199999999999932e+01 1.000000000000000000e+00
2.353300000000000125e+01 0.000000000000000000e+00
2.358399999999999963e+01 0.000000000000000000e+00
2.363500000000000156e+01 0.000000000000000000e+00
2.368700000000000117e+01 0.000000000000000000e+00
2.373799999999999955e+01 0.000000000000000000e+00
2.378900000000000148e+01 1.000000000000000000e+00
2.383999999999999986e+01 0.000000000000000000e+00
2.389199999999999946e+01 1.414213562400000068e+00
2.394200000000000017e+01 0.000000000000000000e+00
2.399399999999999977e+01 0.000000000000000000e+00
2.404500000000000171e+01 0.000000000000000000e+00
2.409600000000000009e+01 0.000000000000000000e+00
2.414699999999999847e+01 0.000000000000000000e+00
2.419800000000000040e+01 0.000000000000000000e+00
2.424899999999999878e+01 0.000000000000000000e+00
2.430099999999999838e+01 0.000000000000000000e+00
2.435200000000000031e+01 0.000000000000000000e+00
2.440299999999999869e+01 0.000000000000000000e+00
2.445499999999999829e+01 0.000000000000000000e+00
2.450600000000000023e+01 0.000000000000000000e+00
2.455699999999999861e+01 0.000000000000000000e+00
2.460800000000000054e+01 0.000000000000000000e+00
2.465899999999999892e+01 0.000000000000000000e+00
2.471099999999999852e+01 0.000000000000000000e+00
2.476099999999999923e+01 0.000000000000000000e+00
2.481299999999999883e+01 0.000000000000000000e+00
2.486400000000000077e+01 0.000000000000000000e+00
2.494200000000000017e+01 0.000000000000000000e+00
2.499299999999999855e+01 0.000000000000000000e+00
2.504400000000000048e+01 0.000000000000000000e+00
2.509600000000000009e+01 0.000000000000000000e+00
2.514699999999999847e+01 0.000000000000000000e+00
2.519800000000000040e+01 0.000000000000000000e+00
2.525000000000000000e+01 0.000000000000000000e+00
2.530099999999999838e+01 0.000000000000000000e+00
2.535200000000000031e+01 0.000000000000000000e+00
2.540399999999999991e+01 0.000000000000000000e+00
2.545499999999999829e+01 0.000000000000000000e+00
2.550600000000000023e+01 0.000000000000000000e+00
2.555799999999999983e+01 0.000000000000000000e+00
2.560900000000000176e+01 0.000000000000000000e+00
2.566000000000000014e+01 0.000000000000000000e+00
2.571099999999999852e+01 0.000000000000000000e+00
2.576300000000000168e+01 0.000000000000000000e+00
2.581299999999999883e+01 0.000000000000000000e+00
2.586499999999999844e+01 0.000000000000000000e+00
2.591600000000000037e+01 0.000000000000000000e+00
2.596699999999999875e+01 0.000000000000000000e+00
2.601899999999999835e+01 0.000000000000000000e+00
2.607000000000000028e+01 0.000000000000000000e+00
2.612099999999999866e+01 0.000000000000000000e+00
2.617299999999999827e+01 1.000000000000000000e+00
2.622400000000000020e+01 0.000000000000000000e+00
2.627599999999999980e+01 0.000000000000000000e+00
2.632700000000000173e+01 0.000000000000000000e+00
2.637800000000000011e+01 0.000000000000000000e+00
2.642999999999999972e+01 0.000000000000000000e+00
2.648100000000000165e+01 1.000000000000000000e+00
2.653200000000000003e+01 0.000000000000000000e+00
2.658299999999999841e+01 1.000000000000000000e+00
2.663400000000000034e+01 0.000000000000000000e+00
2.668499999999999872e+01 0.000000000000000000e+00
2.673699999999999832e+01 1.000000000000000000e+00
2.678800000000000026e+01 0.000000000000000000e+00
2.686499999999999844e+01 1.000000000000000000e+00
2.692099999999999937e+01 0.000000000000000000e+00
2.697200000000000131e+01 0.000000000000000000e+00
2.702299999999999969e+01 0.000000000000000000e+00
2.707499999999999929e+01 0.000000000000000000e+00
2.712600000000000122e+01 0.000000000000000000e+00
2.717699999999999960e+01 0.000000000000000000e+00
2.722899999999999920e+01 1.000000000000000000e+00
2.728000000000000114e+01 0.000000000000000000e+00
2.733099999999999952e+01 0.000000000000000000e+00
2.738200000000000145e+01 0.000000000000000000e+00
2.743299999999999983e+01 0.000000000000000000e+00
2.748499999999999943e+01 0.000000000000000000e+00
2.753600000000000136e+01 0.000000000000000000e+00
2.758699999999999974e+01 0.000000000000000000e+00
2.763800000000000168e+01 0.000000000000000000e+00
2.769000000000000128e+01 0.000000000000000000e+00
2.774099999999999966e+01 0.000000000000000000e+00
2.779200000000000159e+01 0.000000000000000000e+00
2.784400000000000119e+01 0.000000000000000000e+00
2.789499999999999957e+01 0.000000000000000000e+00
2.794600000000000151e+01 0.000000000000000000e+00
2.799800000000000111e+01 0.000000000000000000e+00
2.804899999999999949e+01 0.000000000000000000e+00
2.810099999999999909e+01 0.000000000000000000e+00
2.815200000000000102e+01 0.000000000000000000e+00
2.820299999999999940e+01 0.000000000000000000e+00
2.825400000000000134e+01 1.000000000000000000e+00
2.830499999999999972e+01 0.000000000000000000e+00
2.835600000000000165e+01 0.000000000000000000e+00
2.840800000000000125e+01 0.000000000000000000e+00
2.845899999999999963e+01 0.000000000000000000e+00
2.851099999999999923e+01 0.000000000000000000e+00
2.856200000000000117e+01 1.000000000000000000e+00
2.861299999999999955e+01 0.000000000000000000e+00
2.866499999999999915e+01 0.000000000000000000e+00
2.871600000000000108e+01 0.000000000000000000e+00
2.879100000000000037e+01 1.000000000000000000e+00
2.884400000000000119e+01 0.000000000000000000e+00
2.889499999999999957e+01 0.000000000000000000e+00
2.894600000000000151e+01 0.000000000000000000e+00
2.899800000000000111e+01 0.000000000000000000e+00
2.904899999999999949e+01 1.414213562400000068e+00
2.910399999999999920e+01 0.000000000000000000e+00
2.915500000000000114e+01 0.000000000000000000e+00
2.920599999999999952e+01 0.000000000000000000e+00
2.925900000000000034e+01 0.000000000000000000e+00
2.930999999999999872e+01 0.000000000000000000e+00
2.936100000000000065e+01 0.000000000000000000e+00
2.941199999999999903e+01 0.000000000000000000e+00
2.946300000000000097e+01 0.000000000000000000e+00
2.951399999999999935e+01 0.000000000000000000e+00
2.956500000000000128e+01 1.000000000000000000e+00
2.961599999999999966e+01 0.000000000000000000e+00
2.966700000000000159e+01 0.000000000000000000e+00
2.971799999999999997e+01 0.000000000000000000e+00
2.976899999999999835e+01 1.000000000000000000e+00
2.982000000000000028e+01 0.000000000000000000e+00
2.987099999999999866e+01 1.000000000000000000e+00
2.992099999999999937e+01 1.000000000000000000e+00
2.997200000000000131e+01 0.000000000000000000e+00
3.002299999999999969e+01 0.000000000000000000e+00
3.007300000000000040e+01 1.000000000000000000e+00
3.012399999999999878e+01 0.000000000000000000e+00
3.017500000000000071e+01 0.000000000000000000e+00
3.022599999999999909e+01 1.000000000000000000e+00
3.027700000000000102e+01 0.000000000000000000e+00
3.032799999999999940e+01 0.000000000000000000e+00
3.037900000000000134e+01 0.000000000000000000e+00
3.042999999999999972e+01 1.000000000000000000e+00
3.048100000000000165e+01 0.000000000000000000e+00
3.053200000000000003e+01 0.000000000000000000e+00
3.058299999999999841e+01 0.000000000000000000e+00
3.066799999999999926e+01 1.000000000000000000e+00
3.071900000000000119e+01 1.000000000000000000e+00
3.076899999999999835e+01 1.000000000000000000e+00
3.082000000000000028e+01 1.000000000000000000e+00
3.087099999999999866e+01 0.000000000000000000e+00
3.092099999999999937e+01 0.000000000000000000e+00
3.097200000000000131e+01 0.000000000000000000e+00
3.102299999999999969e+01 0.000000000000000000e+00
3.107400000000000162e+01 0.000000000000000000e+00
3.112500000000000000e+01 0.000000000000000000e+00
3.117599999999999838e+01 0.000000000000000000e+00
3.122700000000000031e+01 1.000000000000000000e+00
3.127799999999999869e+01 0.000000000000000000e+00
3.132900000000000063e+01 0.000000000000000000e+00
3.137999999999999901e+01 0.000000000000000000e+00
3.143100000000000094e+01 0.000000000000000000e+00
3.148199999999999932e+01 1.000000000000000000e+00
3.153300000000000125e+01 0.000000000000000000e+00
3.158399999999999963e+01 0.000000000000000000e+00
3.163400000000000034e+01 0.000000000000000000e+00
3.168499999999999872e+01 0.000000000000000000e+00
3.173600000000000065e+01 0.000000000000000000e+00
3.178600000000000136e+01 0.000000000000000000e+00
3.183699999999999974e+01 0.000000000000000000e+00
3.188800000000000168e+01 0.000000000000000000e+00
3.193900000000000006e+01 0.000000000000000000e+00
3.198999999999999844e+01 0.000000000000000000e+00
3.204099999999999682e+01 0.000000000000000000e+00
3.209199999999999875e+01 0.000000000000000000e+00
3.214300000000000068e+01 0.000000000000000000e+00
3.219400000000000261e+01 1.000000000000000000e+00
3.224499999999999744e+01 0.000000000000000000e+00
3.229599999999999937e+01 0.000000000000000000e+00
3.234700000000000131e+01 0.000000000000000000e+00
3.239800000000000324e+01 0.000000000000000000e+00
3.244899999999999807e+01 1.414213562400000068e+00
3.253099999999999881e+01 0.000000000000000000e+00
3.258700000000000330e+01 1.414213562400000068e+00
3.263700000000000045e+01 0.000000000000000000e+00
3.268699999999999761e+01 0.000000000000000000e+00
3.273799999999999955e+01 0.000000000000000000e+00
3.278900000000000148e+01 0.000000000000000000e+00
3.284000000000000341e+01 0.000000000000000000e+00
3.289099999999999824e+01 0.000000000000000000e+00
3.294299999999999784e+01 0.000000000000000000e+00
3.299399999999999977e+01 0.000000000000000000e+00
3.304500000000000171e+01 0.000000000000000000e+00
3.309599999999999653e+01 0.000000000000000000e+00
3.314699999999999847e+01 0.000000000000000000e+00
3.319800000000000040e+01 0.000000000000000000e+00
3.324900000000000233e+01 0.000000000000000000e+00
3.329999999999999716e+01 0.000000000000000000e+00
3.335099999999999909e+01 1.000000000000000000e+00
3.340200000000000102e+01 0.000000000000000000e+00
3.345300000000000296e+01 0.000000000000000000e+00
3.350300000000000011e+01 0.000000000000000000e+00
3.355400000000000205e+01 0.000000000000000000e+00
3.360499999999999687e+01 0.000000000000000000e+00
3.365599999999999881e+01 0.000000000000000000e+00
3.370799999999999841e+01 0.000000000000000000e+00
3.375900000000000034e+01 0.000000000000000000e+00
3.381000000000000227e+01 0.000000000000000000e+00
3.386099999999999710e+01 0.000000000000000000e+00
3.391199999999999903e+01 0.000000000000000000e+00
3.396300000000000097e+01 0.000000000000000000e+00
3.401400000000000290e+01 0.000000000000000000e+00
3.406499999999999773e+01 0.000000000000000000e+00
3.411599999999999966e+01 1.000000000000000000e+00
3.416700000000000159e+01 1.000000000000000000e+00
3.421699999999999875e+01 0.000000000000000000e+00
3.426899999999999835e+01 0.000000000000000000e+00
3.432000000000000028e+01 0.000000000000000000e+00
3.436999999999999744e+01 0.000000000000000000e+00
3.445400000000000063e+01 0.000000000000000000e+00
3.451100000000000279e+01 0.000000000000000000e+00
3.456199999999999761e+01 0.000000000000000000e+00
3.461299999999999955e+01 1.000000000000000000e+00
3.466400000000000148e+01 1.000000000000000000e+00
3.471500000000000341e+01 0.000000000000000000e+00
3.476599999999999824e+01 0.000000000000000000e+00
3.481700000000000017e+01 0.000000000000000000e+00
3.486800000000000210e+01 0.000000000000000000e+00
3.491899999999999693e+01 0.000000000000000000e+00
3.497099999999999653e+01 0.000000000000000000e+00
3.502199999999999847e+01 1.000000000000000000e+00
3.507200000000000273e+01 0.000000000000000000e+00
3.512299999999999756e+01 0.000000000000000000e+00
3.517399999999999949e+01 0.000000000000000000e+00
3.523199999999999932e+01 0.000000000000000000e+00
3.528300000000000125e+01 0.000000000000000000e+00
3.533500000000000085e+01 0.000000000000000000e+00
3.538600000000000279e+01 0.000000000000000000e+00
3.543699999999999761e+01 0.000000000000000000e+00
3.548799999999999955e+01 0.000000000000000000e+00
3.553900000000000148e+01 0.000000000000000000e+00
3.559000000000000341e+01 0.000000000000000000e+00
3.564099999999999824e+01 0.000000000000000000e+00
3.569299999999999784e+01 0.000000000000000000e+00
3.574399999999999977e+01 0.000000000000000000e+00
3.579500000000000171e+01 0.000000000000000000e+00
3.584599999999999653e+01 0.000000000000000000e+00
3.589699999999999847e+01 0.000000000000000000e+00
3.595000000000000284e+01 0.000000000000000000e+00
3.600099999999999767e+01 0.000000000000000000e+00
3.605400000000000205e+01 0.000000000000000000e+00
3.610499999999999687e+01 1.000000000000000000e+00
3.615599999999999881e+01 0.000000000000000000e+00
3.620700000000000074e+01 0.000000000000000000e+00
3.625800000000000267e+01 0.000000000000000000e+00
3.634199999999999875e+01 0.000000000000000000e+00
3.639399999999999835e+01 2.000000000000000000e+00
3.644500000000000028e+01 0.000000000000000000e+00
3.649600000000000222e+01 0.000000000000000000e+00
3.654800000000000182e+01 0.000000000000000000e+00
3.659899999999999665e+01 0.000000000000000000e+00
3.664999999999999858e+01 0.000000000000000000e+00
3.670199999999999818e+01 0.000000000000000000e+00
3.675300000000000011e+01 0.000000000000000000e+00
3.680400000000000205e+01 2.000000000000000000e+00
3.685600000000000165e+01 0.000000000000000000e+00
3.690699999999999648e+01 0.000000000000000000e+00
3.695799999999999841e+01 0.000000000000000000e+00
3.700900000000000034e+01 0.000000000000000000e+00
3.706099999999999994e+01 0.000000000000000000e+00
3.711200000000000188e+01 0.000000000000000000e+00
3.716299999999999670e+01 0.000000000000000000e+00
3.721500000000000341e+01 0.000000000000000000e+00
3.726599999999999824e+01 0.000000000000000000e+00
3.731799999999999784e+01 0.000000000000000000e+00
3.736899999999999977e+01 0.000000000000000000e+00
3.742000000000000171e+01 0.000000000000000000e+00
3.747200000000000131e+01 0.000000000000000000e+00
3.752300000000000324e+01 0.000000000000000000e+00
3.757500000000000284e+01 0.000000000000000000e+00
3.762599999999999767e+01 1.000000000000000000e+00
3.767699999999999960e+01 0.000000000000000000e+00
3.772800000000000153e+01 0.000000000000000000e+00
3.777900000000000347e+01 0.000000000000000000e+00
3.783100000000000307e+01 0.000000000000000000e+00
3.788199999999999790e+01 0.000000000000000000e+00
3.793299999999999983e+01 0.000000000000000000e+00
3.798499999999999943e+01 0.000000000000000000e+00
3.803600000000000136e+01 0.000000000000000000e+00
3.808800000000000097e+01 1.000000000000000000e+00
3.813900000000000290e+01 0.000000000000000000e+00
3.818999999999999773e+01 1.000000000000000000e+00
3.827600000000000335e+01 0.000000000000000000e+00
3.832699999999999818e+01 0.000000000000000000e+00
3.837800000000000011e+01 0.000000000000000000e+00
3.842900000000000205e+01 0.000000000000000000e+00
3.847999999999999687e+01 0.000000000000000000e+00
3.853099999999999881e+01 0.000000000000000000e+00
3.858200000000000074e+01 2.000000000000000000e+00
3.863400000000000034e+01 0.000000000000000000e+00
3.868399999999999750e+01 0.000000000000000000e+00
3.873499999999999943e+01 0.000000000000000000e+00
3.878699999999999903e+01 0.000000000000000000e+00
3.883800000000000097e+01 0.000000000000000000e+00
3.888900000000000290e+01 0.000000000000000000e+00
3.893999999999999773e+01 0.000000000000000000e+00
3.899199999999999733e+01 0.000000000000000000e+00
3.904299999999999926e+01 0.000000000000000000e+00
3.909400000000000119e+01 0.000000000000000000e+00
3.914500000000000313e+01 0.000000000000000000e+00
3.919700000000000273e+01 0.000000000000000000e+00
3.924799999999999756e+01 0.000000000000000000e+00
3.929899999999999949e+01 0.000000000000000000e+00
3.935000000000000142e+01 1.000000000000000000e+00
3.940100000000000335e+01 0.000000000000000000e+00
3.945199999999999818e+01 0.000000000000000000e+00
3.950300000000000011e+01 0.000000000000000000e+00
3.955400000000000205e+01 0.000000000000000000e+00
3.960600000000000165e+01 0.000000000000000000e+00
3.965699999999999648e+01 0.000000000000000000e+00
3.970799999999999841e+01 0.000000000000000000e+00
3.975900000000000034e+01 0.000000000000000000e+00
3.981099999999999994e+01 0.000000000000000000e+00
3.986200000000000188e+01 0.000000000000000000e+00
3.991299999999999670e+01 1.414213562400000068e+00
3.996399999999999864e+01 1.000000000000000000e+00
4.001599999999999824e+01 0.000000000000000000e+00
4.006700000000000017e+01 0.000000000000000000e+00
4.011800000000000210e+01 0.000000000000000000e+00
4.020400000000000063e+01 0.000000000000000000e+00
4.025399999999999778e+01 0.000000000000000000e+00
4.030599999999999739e+01 0.000000000000000000e+00
4.035699999999999932e+01 0.000000000000000000e+00
4.040699999999999648e+01 0.000000000000000000e+00
4.045900000000000318e+01 0.000000000000000000e+00
4.050999999999999801e+01 0.000000000000000000e+00
4.056099999999999994e+01 0.000000000000000000e+00
4.061299999999999955e+01 0.000000000000000000e+00
4.066400000000000148e+01 0.000000000000000000e+00
4.071500000000000341e+01 0.000000000000000000e+00
4.076700000000000301e+01 1.000000000000000000e+00
4.081799999999999784e+01 0.000000000000000000e+00
4.086999999999999744e+01 0.000000000000000000e+00
4.092099999999999937e+01 0.000000000000000000e+00
4.097200000000000131e+01 0.000000000000000000e+00
4.102400000000000091e+01 0.000000000000000000e+00
4.107500000000000284e+01 1.000000000000000000e+00
4.112599999999999767e+01 1.000000000000000000e+00
4.117699999999999960e+01 0.000000000000000000e+00
4.122800000000000153e+01 0.000000000000000000e+00
4.127900000000000347e+01 0.000000000000000000e+00
4.133100000000000307e+01 0.000000000000000000e+00
4.138199999999999790e+01 0.000000000000000000e+00
4.143299999999999983e+01 0.000000000000000000e+00
4.148499999999999943e+01 0.000000000000000000e+00
4.153600000000000136e+01 0.000000000000000000e+00
4.158700000000000330e+01 0.000000000000000000e+00
4.163900000000000290e+01 0.000000000000000000e+00
4.168999999999999773e+01 1.414213562400000068e+00
4.174099999999999966e+01 0.000000000000000000e+00
4.179299999999999926e+01 0.000000000000000000e+00
4.184400000000000119e+01 0.000000000000000000e+00
4.189500000000000313e+01 0.000000000000000000e+00
4.194599999999999795e+01 0.000000000000000000e+00
4.200000000000000000e+01 0.000000000000000000e+00
4.205100000000000193e+01 0.000000000000000000e+00
4.213499999999999801e+01 0.000000000000000000e+00
4.218599999999999994e+01 0.000000000000000000e+00
4.223700000000000188e+01 0.000000000000000000e+00
4.228799999999999670e+01 0.000000000000000000e+00
4.233899999999999864e+01 0.000000000000000000e+00
4.239000000000000057e+01 0.000000000000000000e+00
4.244100000000000250e+01 0.000000000000000000e+00
4.249300000000000210e+01 0.000000000000000000e+00
4.254399999999999693e+01 0.000000000000000000e+00
4.259499999999999886e+01 0.000000000000000000e+00
4.264600000000000080e+01 0.000000000000000000e+00
4.269700000000000273e+01 0.000000000000000000e+00
4.274799999999999756e+01 0.000000000000000000e+00
4.279999999999999716e+01 0.000000000000000000e+00
4.285300000000000153e+01 0.000000000000000000e+00
4.290400000000000347e+01 0.000000000000000000e+00
4.295700000000000074e+01 0.000000000000000000e+00
4.300800000000000267e+01 0.000000000000000000e+00
4.305899999999999750e+01 0.000000000000000000e+00
4.310999999999999943e+01 0.000000000000000000e+00
4.316100000000000136e+01 0.000000000000000000e+00
4.321200000000000330e+01 0.000000000000000000e+00
4.326299999999999812e+01 0.000000000000000000e+00
4.331499999999999773e+01 0.000000000000000000e+00
4.336599999999999966e+01 1.000000000000000000e+00
4.341700000000000159e+01 0.000000000000000000e+00
4.346800000000000352e+01 0.000000000000000000e+00
4.351899999999999835e+01 0.000000000000000000e+00
4.357000000000000028e+01 0.000000000000000000e+00
4.362100000000000222e+01 0.000000000000000000e+00
4.367199999999999704e+01 0.000000000000000000e+00
4.372299999999999898e+01 0.000000000000000000e+00
4.377400000000000091e+01 0.000000000000000000e+00
4.382399999999999807e+01 0.000000000000000000e+00
4.387500000000000000e+01 0.000000000000000000e+00
4.396300000000000097e+01 0.000000000000000000e+00
4.401299999999999812e+01 0.000000000000000000e+00
4.406400000000000006e+01 0.000000000000000000e+00
4.411500000000000199e+01 0.000000000000000000e+00
4.416599999999999682e+01 0.000000000000000000e+00
4.421699999999999875e+01 1.000000000000000000e+00
4.426800000000000068e+01 0.000000000000000000e+00
4.431900000000000261e+01 0.000000000000000000e+00
4.436999999999999744e+01 0.000000000000000000e+00
4.442099999999999937e+01 0.000000000000000000e+00
4.447200000000000131e+01 0.000000000000000000e+00
4.452300000000000324e+01 0.000000000000000000e+00
4.457399999999999807e+01 1.000000000000000000e+00
4.462500000000000000e+01 0.000000000000000000e+00
4.467499999999999716e+01 0.000000000000000000e+00
4.472599999999999909e+01 0.000000000000000000e+00
4.477700000000000102e+01 0.000000000000000000e+00
4.482800000000000296e+01 0.000000000000000000e+00
4.487899999999999778e+01 0.000000000000000000e+00
4.492999999999999972e+01 0.000000000000000000e+00
4.498100000000000165e+01 1.000000000000000000e+00
4.503199999999999648e+01 0.000000000000000000e+00
4.508299999999999841e+01 0.000000000000000000e+00
4.513400000000000034e+01 1.000000000000000000e+00
4.518500000000000227e+01 0.000000000000000000e+00
4.523599999999999710e+01 1.000000000000000000e+00
4.528699999999999903e+01 0.000000000000000000e+00
4.533800000000000097e+01 1.000000000000000000e+00
4.538900000000000290e+01 0.000000000000000000e+00
4.543999999999999773e+01 0.000000000000000000e+00
4.549099999999999966e+01 1.000000000000000000e+00
4.554099999999999682e+01 0.000000000000000000e+00
4.559199999999999875e+01 1.000000000000000000e+00
4.564300000000000068e+01 1.000000000000000000e+00
4.569400000000000261e+01 1.000000000000000000e+00
4.574499999999999744e+01 0.000000000000000000e+00
4.579599999999999937e+01 0.000000000000000000e+00
4.588199999999999790e+01 0.000000000000000000e+00
4.593299999999999983e+01 0.000000000000000000e+00
4.598400000000000176e+01 0.000000000000000000e+00
4.603399999999999892e+01 0.000000000000000000e+00
4.608500000000000085e+01 0.000000000000000000e+00
4.613600000000000279e+01 0.000000000000000000e+00
4.618699999999999761e+01 0.000000000000000000e+00
4.623799999999999955e+01 0.000000000000000000e+00
4.628900000000000148e+01 0.000000000000000000e+00
4.634000000000000341e+01 0.000000000000000000e+00
4.639000000000000057e+01 0.000000000000000000e+00
4.644100000000000250e+01 0.000000000000000000e+00
4.649199999999999733e+01 1.000000000000000000e+00
4.654299999999999926e+01 0.000000000000000000e+00
4.659400000000000119e+01 0.000000000000000000e+00
4.664500000000000313e+01 1.000000000000000000e+00
4.669599999999999795e+01 0.000000000000000000e+00
4.674699999999999989e+01 0.000000000000000000e+00
4.679800000000000182e+01 0.000000000000000000e+00
4.684899999999999665e+01 0.000000000000000000e+00
4.689999999999999858e+01 1.000000000000000000e+00
4.695100000000000051e+01 0.000000000000000000e+00
4.700200000000000244e+01 0.000000000000000000e+00
4.705299999999999727e+01 0.000000000000000000e+00
4.710300000000000153e+01 1.414213562400000068e+00
4.715400000000000347e+01 0.000000000000000000e+00
4.720499999999999829e+01 0.000000000000000000e+00
4.725600000000000023e+01 0.000000000000000000e+00
4.730700000000000216e+01 0.000000000000000000e+00
4.735799999999999699e+01 0.000000000000000000e+00
4.740899999999999892e+01 1.000000000000000000e+00
4.745900000000000318e+01 0.000000000000000000e+00
4.750999999999999801e+01 0.000000000000000000e+00
4.756099999999999994e+01 0.000000000000000000e+00
4.761200000000000188e+01 0.000000000000000000e+00
4.766299999999999670e+01 0.000000000000000000e+00
4.771399999999999864e+01 0.000000000000000000e+00
4.780199999999999960e+01 0.000000000000000000e+00
4.785300000000000153e+01 0.000000000000000000e+00
4.790400000000000347e+01 0.000000000000000000e+00
4.795499999999999829e+01 0.000000000000000000e+00
4.800600000000000023e+01 0.000000000000000000e+00
4.805700000000000216e+01 0.000000000000000000e+00
4.810699999999999932e+01 0.000000000000000000e+00
4.815800000000000125e+01 1.000000000000000000e+00
4.820900000000000318e+01 0.000000000000000000e+00
4.825999999999999801e+01 0.000000000000000000e+00
4.831099999999999994e+01 0.000000000000000000e+00
4.836299999999999955e+01 0.000000000000000000e+00
4.841400000000000148e+01 0.000000000000000000e+00
4.846500000000000341e+01 0.000000000000000000e+00
4.851599999999999824e+01 0.000000000000000000e+00
4.856700000000000017e+01 0.000000000000000000e+00
4.861800000000000210e+01 0.000000000000000000e+00
4.866899999999999693e+01 0.000000000000000000e+00
4.871999999999999886e+01 1.000000000000000000e+00
4.877100000000000080e+01 0.000000000000000000e+00
4.882200000000000273e+01 0.000000000000000000e+00
4.887299999999999756e+01 0.000000000000000000e+00
4.892399999999999949e+01 1.000000000000000000e+00
4.898199999999999932e+01 0.000000000000000000e+00
4.903300000000000125e+01 1.000000000000000000e+00
4.908400000000000318e+01 0.000000000000000000e+00
4.913499999999999801e+01 1.000000000000000000e+00
4.918599999999999994e+01 0.000000000000000000e+00
4.923700000000000188e+01 0.000000000000000000e+00
4.928900000000000148e+01 0.000000000000000000e+00
4.934000000000000341e+01 0.000000000000000000e+00
4.939099999999999824e+01 1.000000000000000000e+00
4.944200000000000017e+01 0.000000000000000000e+00
4.949300000000000210e+01 0.000000000000000000e+00
4.954399999999999693e+01 0.000000000000000000e+00
4.959499999999999886e+01 0.000000000000000000e+00
4.964600000000000080e+01 0.000000000000000000e+00
4.973100000000000165e+01 1.000000000000000000e+00
4.978199999999999648e+01 0.000000000000000000e+00
4.983500000000000085e+01 0.000000000000000000e+00
4.988600000000000279e+01 0.000000000000000000e+00
4.993699999999999761e+01 0.000000000000000000e+00
4.998799999999999955e+01 0.000000000000000000e+00
5.003999999999999915e+01 1.000000000000000000e+00
5.009100000000000108e+01 0.000000000000000000e+00
5.014200000000000301e+01 0.000000000000000000e+00
5.019299999999999784e+01 0.000000000000000000e+00
5.024399999999999977e+01 0.000000000000000000e+00
5.029500000000000171e+01 1.000000000000000000e+00
5.034599999999999653e+01 0.000000000000000000e+00
5.039699999999999847e+01 0.000000000000000000e+00
5.044800000000000040e+01 0.000000000000000000e+00
5.049900000000000233e+01 0.000000000000000000e+00
5.054999999999999716e+01 0.000000000000000000e+00
5.060099999999999909e+01 0.000000000000000000e+00
5.065200000000000102e+01 0.000000000000000000e+00
5.070199999999999818e+01 0.000000000000000000e+00
5.075300000000000011e+01 0.000000000000000000e+00
5.080400000000000205e+01 0.000000000000000000e+00
5.085499999999999687e+01 0.000000000000000000e+00
5.090599999999999881e+01 0.000000000000000000e+00
5.095700000000000074e+01 0.000000000000000000e+00
5.100800000000000267e+01 0.000000000000000000e+00
5.105899999999999750e+01 0.000000000000000000e+00
5.110999999999999943e+01 0.000000000000000000e+00
5.116199999999999903e+01 0.000000000000000000e+00
5.121300000000000097e+01 0.000000000000000000e+00
5.126400000000000290e+01 0.000000000000000000e+00
5.131499999999999773e+01 0.000000000000000000e+00
5.136599999999999966e+01 1.000000000000000000e+00
5.141599999999999682e+01 0.000000000000000000e+00
5.146699999999999875e+01 0.000000000000000000e+00
5.151800000000000068e+01 0.000000000000000000e+00
5.160600000000000165e+01 0.000000000000000000e+00
5.165699999999999648e+01 0.000000000000000000e+00
5.170700000000000074e+01 0.000000000000000000e+00
5.175800000000000267e+01 0.000000000000000000e+00
5.180899999999999750e+01 1.000000000000000000e+00
5.185999999999999943e+01 0.000000000000000000e+00
5.191100000000000136e+01 0.000000000000000000e+00
5.196200000000000330e+01 1.000000000000000000e+00
5.201299999999999812e+01 0.000000000000000000e+00
5.206400000000000006e+01 0.000000000000000000e+00
5.211500000000000199e+01 0.000000000000000000e+00
5.216599999999999682e+01 0.000000000000000000e+00
5.221699999999999875e+01 1.000000000000000000e+00
5.226700000000000301e+01 0.000000000000000000e+00
5.231799999999999784e+01 0.000000000000000000e+00
5.236899999999999977e+01 0.000000000000000000e+00
5.242000000000000171e+01 0.000000000000000000e+00
5.247099999999999653e+01 0.000000000000000000e+00
5.252199999999999847e+01 0.000000000000000000e+00
5.257300000000000040e+01 0.000000000000000000e+00
5.262400000000000233e+01 0.000000000000000000e+00
5.267499999999999716e+01 0.000000000000000000e+00
5.272599999999999909e+01 0.000000000000000000e+00
5.277700000000000102e+01 0.000000000000000000e+00
5.282800000000000296e+01 0.000000000000000000e+00
5.287899999999999778e+01 0.000000000000000000e+00
5.292999999999999972e+01 0.000000000000000000e+00
5.298100000000000165e+01 0.000000000000000000e+00
5.303199999999999648e+01 0.000000000000000000e+00
5.308200000000000074e+01 0.000000000000000000e+00
5.313300000000000267e+01 0.000000000000000000e+00
5.318399999999999750e+01 0.000000000000000000e+00
5.323400000000000176e+01 0.000000000000000000e+00
5.328499999999999659e+01 1.000000000000000000e+00
5.333599999999999852e+01 0.000000000000000000e+00
5.338700000000000045e+01 0.000000000000000000e+00
5.343800000000000239e+01 0.000000000000000000e+00
5.352199999999999847e+01 0.000000000000000000e+00
5.357300000000000040e+01 0.000000000000000000e+00
5.362400000000000233e+01 1.000000000000000000e+00
5.367499999999999716e+01 0.000000000000000000e+00
5.372599999999999909e+01 0.000000000000000000e+00
5.377799999999999869e+01 0.000000000000000000e+00
5.382900000000000063e+01 0.000000000000000000e+00
5.388000000000000256e+01 0.000000000000000000e+00
5.393099999999999739e+01 1.000000000000000000e+00
5.398100000000000165e+01 0.000000000000000000e+00
5.403199999999999648e+01 0.000000000000000000e+00
5.408299999999999841e+01 0.000000000000000000e+00
5.413400000000000034e+01 0.000000000000000000e+00
5.418500000000000227e+01 0.000000000000000000e+00
5.423599999999999710e+01 0.000000000000000000e+00
5.428699999999999903e+01 0.000000000000000000e+00
5.433800000000000097e+01 0.000000000000000000e+00
5.438900000000000290e+01 0.000000000000000000e+00
5.443999999999999773e+01 0.000000000000000000e+00
5.449099999999999966e+01 0.000000000000000000e+00
5.454200000000000159e+01 1.000000000000000000e+00
5.459400000000000119e+01 0.000000000000000000e+00
5.464500000000000313e+01 1.000000000000000000e+00
5.469599999999999795e+01 0.000000000000000000e+00
5.474699999999999989e+01 0.000000000000000000e+00
5.479699999999999704e+01 0.000000000000000000e+00
5.484799999999999898e+01 0.000000000000000000e+00
5.489900000000000091e+01 0.000000000000000000e+00
5.495000000000000284e+01 1.000000000000000000e+00
5.500099999999999767e+01 0.000000000000000000e+00
5.505199999999999960e+01 0.000000000000000000e+00
5.510300000000000153e+01 0.000000000000000000e+00
5.515400000000000347e+01 0.000000000000000000e+00
5.520499999999999829e+01 1.000000000000000000e+00
5.525600000000000023e+01 0.000000000000000000e+00
5.530700000000000216e+01 0.000000000000000000e+00
5.535799999999999699e+01 0.000000000000000000e+00
5.544400000000000261e+01 0.000000000000000000e+00
5.549499999999999744e+01 0.000000000000000000e+00
5.554599999999999937e+01 0.000000000000000000e+00
5.559700000000000131e+01 0.000000000000000000e+00
5.564800000000000324e+01 1.000000000000000000e+00
5.569899999999999807e+01 0.000000000000000000e+00
5.575000000000000000e+01 0.000000000000000000e+00
5.580100000000000193e+01 0.000000000000000000e+00
5.585199999999999676e+01 0.000000000000000000e+00
5.590299999999999869e+01 0.000000000000000000e+00
5.595400000000000063e+01 0.000000000000000000e+00
5.600500000000000256e+01 0.000000000000000000e+00
5.605599999999999739e+01 1.000000000000000000e+00
5.610799999999999699e+01 1.000000000000000000e+00
5.615899999999999892e+01 0.000000000000000000e+00
5.621000000000000085e+01 0.000000000000000000e+00
5.626100000000000279e+01 0.000000000000000000e+00
5.631199999999999761e+01 0.000000000000000000e+00
5.636299999999999955e+01 0.000000000000000000e+00
5.641400000000000148e+01 0.000000000000000000e+00
5.646600000000000108e+01 0.000000000000000000e+00
5.651899999999999835e+01 0.000000000000000000e+00
5.657000000000000028e+01 0.000000000000000000e+00
5.662100000000000222e+01 0.000000000000000000e+00
5.667399999999999949e+01 0.000000000000000000e+00
5.672500000000000142e+01 0.000000000000000000e+00
5.677600000000000335e+01 0.000000000000000000e+00
5.682699999999999818e+01 0.000000000000000000e+00
5.687800000000000011e+01 0.000000000000000000e+00
5.692900000000000205e+01 0.000000000000000000e+00
5.697999999999999687e+01 0.000000000000000000e+00
5.703099999999999881e+01 0.000000000000000000e+00
5.708200000000000074e+01 0.000000000000000000e+00
5.713300000000000267e+01 0.000000000000000000e+00
5.718500000000000227e+01 0.000000000000000000e+00
5.727100000000000080e+01 1.000000000000000000e+00
5.732200000000000273e+01 0.000000000000000000e+00
5.737199999999999989e+01 1.000000000000000000e+00
5.742300000000000182e+01 0.000000000000000000e+00
5.747299999999999898e+01 0.000000000000000000e+00
5.752400000000000091e+01 1.000000000000000000e+00
5.757500000000000284e+01 0.000000000000000000e+00
5.762599999999999767e+01 1.000000000000000000e+00
5.767699999999999960e+01 0.000000000000000000e+00
5.772800000000000153e+01 0.000000000000000000e+00
5.777900000000000347e+01 0.000000000000000000e+00
5.782999999999999829e+01 0.000000000000000000e+00
5.788100000000000023e+01 0.000000000000000000e+00
5.793200000000000216e+01 0.000000000000000000e+00
5.798299999999999699e+01 0.000000000000000000e+00
5.803399999999999892e+01 0.000000000000000000e+00
5.808500000000000085e+01 0.000000000000000000e+00
5.813600000000000279e+01 0.000000000000000000e+00
5.818699999999999761e+01 0.000000000000000000e+00
5.823700000000000188e+01 0.000000000000000000e+00
5.828799999999999670e+01 0.000000000000000000e+00
5.833899999999999864e+01 0.000000000000000000e+00
5.838900000000000290e+01 0.000000000000000000e+00
5.843999999999999773e+01 0.000000000000000000e+00
5.849099999999999966e+01 0.000000000000000000e+00
5.854200000000000159e+01 0.000000000000000000e+00
5.859300000000000352e+01 0.000000000000000000e+00
5.864399999999999835e+01 0.000000000000000000e+00
5.869500000000000028e+01 0.000000000000000000e+00
5.874600000000000222e+01 0.000000000000000000e+00
5.879699999999999704e+01 0.000000000000000000e+00
5.884799999999999898e+01 0.000000000000000000e+00
5.889900000000000091e+01 0.000000000000000000e+00
5.895000000000000284e+01 0.000000000000000000e+00
5.900099999999999767e+01 0.000000000000000000e+00
5.905199999999999960e+01 0.000000000000000000e+00
5.910199999999999676e+01 0.000000000000000000e+00
5.918900000000000006e+01 0.000000000000000000e+00
5.923899999999999721e+01 0.000000000000000000e+00
5.928999999999999915e+01 0.000000000000000000e+00
5.934100000000000108e+01 1.000000000000000000e+00
5.939200000000000301e+01 0.000000000000000000e+00
5.944299999999999784e+01 0.000000000000000000e+00
5.949399999999999977e+01 0.000000000000000000e+00
5.954399999999999693e+01 0.000000000000000000e+00
5.959499999999999886e+01 1.000000000000000000e+00
5.964600000000000080e+01 0.000000000000000000e+00
5.969700000000000273e+01 1.000000000000000000e+00
5.974799999999999756e+01 2.000000000000000000e+00
5.979899999999999949e+01 0.000000000000000000e+00
5.985000000000000142e+01 0.000000000000000000e+00
5.990100000000000335e+01 0.000000000000000000e+00
5.995199999999999818e+01 0.000000000000000000e+00
6.000300000000000011e+01 1.000000000000000000e+00
6.005400000000000205e+01 0.000000000000000000e+00
6.010399999999999920e+01 0.000000000000000000e+00
6.015500000000000114e+01 0.000000000000000000e+00
6.020600000000000307e+01 0.000000000000000000e+00
6.025699999999999790e+01 0.000000000000000000e+00
6.030799999999999983e+01 0.000000000000000000e+00
6.035900000000000176e+01 0.000000000000000000e+00
6.040999999999999659e+01 0.000000000000000000e+00
6.046099999999999852e+01 1.000000000000000000e+00
6.051200000000000045e+01 0.000000000000000000e+00
6.056300000000000239e+01 0.000000000000000000e+00
6.061399999999999721e+01 0.000000000000000000e+00
6.066400000000000148e+01 1.000000000000000000e+00
6.071500000000000341e+01 0.000000000000000000e+00
6.076599999999999824e+01 0.000000000000000000e+00
6.081700000000000017e+01 1.000000000000000000e+00
6.086800000000000210e+01 0.000000000000000000e+00
6.091799999999999926e+01 0.000000000000000000e+00
6.096900000000000119e+01 0.000000000000000000e+00
6.102000000000000313e+01 0.000000000000000000e+00
6.110799999999999699e+01 0.000000000000000000e+00
6.115899999999999892e+01 0.000000000000000000e+00
6.121000000000000085e+01 0.000000000000000000e+00
6.126100000000000279e+01 0.000000000000000000e+00
6.131199999999999761e+01 0.000000000000000000e+00
6.136299999999999955e+01 0.000000000000000000e+00
6.141400000000000148e+01 0.000000000000000000e+00
6.146500000000000341e+01 0.000000000000000000e+00
6.151599999999999824e+01 0.000000000000000000e+00
6.156700000000000017e+01 2.000000000000000000e+00
6.161800000000000210e+01 0.000000000000000000e+00
6.166899999999999693e+01 1.000000000000000000e+00
6.171999999999999886e+01 0.000000000000000000e+00
6.177100000000000080e+01 0.000000000000000000e+00
6.182200000000000273e+01 0.000000000000000000e+00
6.187299999999999756e+01 0.000000000000000000e+00
6.192399999999999949e+01 1.000000000000000000e+00
6.197500000000000142e+01 0.000000000000000000e+00
6.202600000000000335e+01 0.000000000000000000e+00
6.207699999999999818e+01 0.000000000000000000e+00
6.212800000000000011e+01 0.000000000000000000e+00
6.217900000000000205e+01 0.000000000000000000e+00
6.222999999999999687e+01 0.000000000000000000e+00
6.228199999999999648e+01 0.000000000000000000e+00
6.233299999999999841e+01 0.000000000000000000e+00
6.238400000000000034e+01 0.000000000000000000e+00
6.243500000000000227e+01 0.000000000000000000e+00
6.248599999999999710e+01 0.000000000000000000e+00
6.253699999999999903e+01 0.000000000000000000e+00
6.258800000000000097e+01 0.000000000000000000e+00
6.264600000000000080e+01 0.000000000000000000e+00
6.269700000000000273e+01 0.000000000000000000e+00
6.274799999999999756e+01 0.000000000000000000e+00
6.279899999999999949e+01 0.000000000000000000e+00
6.285099999999999909e+01 0.000000000000000000e+00
6.290200000000000102e+01 0.000000000000000000e+00
6.295300000000000296e+01 0.000000000000000000e+00
6.303799999999999670e+01 0.000000000000000000e+00
6.308899999999999864e+01 0.000000000000000000e+00
6.314000000000000057e+01 0.000000000000000000e+00
6.319200000000000017e+01 0.000000000000000000e+00
6.324300000000000210e+01 0.000000000000000000e+00
6.329399999999999693e+01 0.000000000000000000e+00
6.334599999999999653e+01 0.000000000000000000e+00
6.339900000000000091e+01 0.000000000000000000e+00
6.345100000000000051e+01 0.000000000000000000e+00
6.350200000000000244e+01 0.000000000000000000e+00
6.355499999999999972e+01 0.000000000000000000e+00
6.360699999999999932e+01 0.000000000000000000e+00
6.365800000000000125e+01 0.000000000000000000e+00
6.371000000000000085e+01 0.000000000000000000e+00
6.376100000000000279e+01 0.000000000000000000e+00
6.381199999999999761e+01 0.000000000000000000e+00
6.386399999999999721e+01 0.000000000000000000e+00
6.391499999999999915e+01 1.414213562400000068e+00
6.396600000000000108e+01 0.000000000000000000e+00
6.401800000000000068e+01 1.000000000000000000e+00
6.406900000000000261e+01 0.000000000000000000e+00
6.412000000000000455e+01 0.000000000000000000e+00
6.417199999999999704e+01 0.000000000000000000e+00
6.422299999999999898e+01 0.000000000000000000e+00
6.427400000000000091e+01 0.000000000000000000e+00
6.432500000000000284e+01 0.000000000000000000e+00
6.437600000000000477e+01 0.000000000000000000e+00
6.442700000000000671e+01 0.000000000000000000e+00
6.447899999999999920e+01 1.000000000000000000e+00
6.453000000000000114e+01 0.000000000000000000e+00
6.458199999999999363e+01 0.000000000000000000e+00
6.463299999999999557e+01 0.000000000000000000e+00
6.468399999999999750e+01 0.000000000000000000e+00
6.473600000000000421e+01 1.000000000000000000e+00
6.478700000000000614e+01 0.000000000000000000e+00
6.486199999999999477e+01 0.000000000000000000e+00
6.491299999999999670e+01 0.000000000000000000e+00
6.496399999999999864e+01 0.000000000000000000e+00
6.501500000000000057e+01 0.000000000000000000e+00
6.506600000000000250e+01 0.000000000000000000e+00
6.511700000000000443e+01 0.000000000000000000e+00
6.516800000000000637e+01 0.000000000000000000e+00
6.521899999999999409e+01 0.000000000000000000e+00
6.526999999999999602e+01 0.000000000000000000e+00
6.532099999999999795e+01 0.000000000000000000e+00
6.537300000000000466e+01 0.000000000000000000e+00
6.542400000000000659e+01 0.000000000000000000e+00
6.547499999999999432e+01 0.000000000000000000e+00
6.552700000000000102e+01 0.000000000000000000e+00
6.557800000000000296e+01 1.000000000000000000e+00
6.562900000000000489e+01 0.000000000000000000e+00
6.568099999999999739e+01 0.000000000000000000e+00
6.573199999999999932e+01 1.000000000000000000e+00
6.578300000000000125e+01 0.000000000000000000e+00
6.583400000000000318e+01 0.000000000000000000e+00
6.588599999999999568e+01 0.000000000000000000e+00
6.593600000000000705e+01 1.000000000000000000e+00
6.598799999999999955e+01 0.000000000000000000e+00
6.603900000000000148e+01 0.000000000000000000e+00
6.609000000000000341e+01 1.000000000000000000e+00
6.614100000000000534e+01 0.000000000000000000e+00
6.619199999999999307e+01 0.000000000000000000e+00
6.624299999999999500e+01 0.000000000000000000e+00
6.629500000000000171e+01 0.000000000000000000e+00
6.634600000000000364e+01 0.000000000000000000e+00
6.639700000000000557e+01 0.000000000000000000e+00
6.644899999999999807e+01 0.000000000000000000e+00
6.650000000000000000e+01 0.000000000000000000e+00
6.655100000000000193e+01 0.000000000000000000e+00
6.660200000000000387e+01 0.000000000000000000e+00
6.665399999999999636e+01 0.000000000000000000e+00
6.670499999999999829e+01 0.000000000000000000e+00
6.678900000000000148e+01 1.000000000000000000e+00
6.683899999999999864e+01 1.000000000000000000e+00
6.689100000000000534e+01 0.000000000000000000e+00
6.694199999999999307e+01 0.000000000000000000e+00
6.699299999999999500e+01 1.000000000000000000e+00
6.704399999999999693e+01 0.000000000000000000e+00
6.709499999999999886e+01 0.000000000000000000e+00
6.714700000000000557e+01 0.000000000000000000e+00
6.719799999999999329e+01 1.000000000000000000e+00
6.724899999999999523e+01 0.000000000000000000e+00
6.730100000000000193e+01 0.000000000000000000e+00
6.735200000000000387e+01 0.000000000000000000e+00
6.740300000000000580e+01 0.000000000000000000e+00
6.745499999999999829e+01 0.000000000000000000e+00
6.750600000000000023e+01 0.000000000000000000e+00
6.755800000000000693e+01 1.000000000000000000e+00
6.760899999999999466e+01 0.000000000000000000e+00
6.765999999999999659e+01 0.000000000000000000e+00
6.771299999999999386e+01 0.000000000000000000e+00
6.776399999999999579e+01 0.000000000000000000e+00
6.781399999999999295e+01 0.000000000000000000e+00
6.786499999999999488e+01 0.000000000000000000e+00
6.791599999999999682e+01 0.000000000000000000e+00
6.796699999999999875e+01 0.000000000000000000e+00
6.801800000000000068e+01 0.000000000000000000e+00
6.806999999999999318e+01 0.000000000000000000e+00
6.812099999999999511e+01 2.000000000000000000e+00
6.817199999999999704e+01 0.000000000000000000e+00
6.822299999999999898e+01 0.000000000000000000e+00
6.827400000000000091e+01 0.000000000000000000e+00
6.832500000000000284e+01 1.000000000000000000e+00
6.837600000000000477e+01 0.000000000000000000e+00
6.842700000000000671e+01 1.000000000000000000e+00
6.847799999999999443e+01 0.000000000000000000e+00
6.852899999999999636e+01 0.000000000000000000e+00
6.857999999999999829e+01 0.000000000000000000e+00
6.863100000000000023e+01 0.000000000000000000e+00
6.871699999999999875e+01 0.000000000000000000e+00
6.876800000000000068e+01 0.000000000000000000e+00
6.881900000000000261e+01 1.000000000000000000e+00
6.887000000000000455e+01 0.000000000000000000e+00
6.892100000000000648e+01 0.000000000000000000e+00
6.897199999999999420e+01 0.000000000000000000e+00
6.902299999999999613e+01 0.000000000000000000e+00
6.907399999999999807e+01 0.000000000000000000e+00
6.912500000000000000e+01 2.000000000000000000e+00
6.917600000000000193e+01 0.000000000000000000e+00
6.922700000000000387e+01 1.000000000000000000e+00
6.927800000000000580e+01 0.000000000000000000e+00
6.932899999999999352e+01 0.000000000000000000e+00
6.937999999999999545e+01 1.000000000000000000e+00
6.943099999999999739e+01 0.000000000000000000e+00
6.948199999999999932e+01 0.000000000000000000e+00
6.953300000000000125e+01 0.000000000000000000e+00
6.958400000000000318e+01 0.000000000000000000e+00
6.963500000000000512e+01 0.000000000000000000e+00
6.968600000000000705e+01 3.000000000000000000e+00
6.973699999999999477e+01 0.000000000000000000e+00
6.978799999999999670e+01 0.000000000000000000e+00
6.983899999999999864e+01 0.000000000000000000e+00
6.989100000000000534e+01 0.000000000000000000e+00
6.994199999999999307e+01 1.000000000000000000e+00
6.999299999999999500e+01 2.000000000000000000e+00
7.004399999999999693e+01 0.000000000000000000e+00
7.009499999999999886e+01 2.000000000000000000e+00
7.014600000000000080e+01 0.000000000000000000e+00
7.019700000000000273e+01 0.000000000000000000e+00
7.025000000000000000e+01 0.000000000000000000e+00
7.030100000000000193e+01 0.000000000000000000e+00
7.036299999999999955e+01 0.000000000000000000e+00
7.041400000000000148e+01 2.000000000000000000e+00
7.046500000000000341e+01 0.000000000000000000e+00
7.055200000000000671e+01 0.000000000000000000e+00
7.060299999999999443e+01 3.000000000000000000e+00
7.065399999999999636e+01 1.000000000000000000e+00
7.070499999999999829e+01 1.000000000000000000e+00
7.075600000000000023e+01 0.000000000000000000e+00
7.080599999999999739e+01 0.000000000000000000e+00
7.085699999999999932e+01 5.671860364989999681e+01
7.090800000000000125e+01 9.500526301210000213e+01
7.095900000000000318e+01 0.000000000000000000e+00
7.101000000000000512e+01 4.427188724239999829e+01
7.106100000000000705e+01 0.000000000000000000e+00
7.111199999999999477e+01 1.920937271229999865e+01
7.116299999999999670e+01 0.000000000000000000e+00
7.121299999999999386e+01 0.000000000000000000e+00
7.126399999999999579e+01 7.211102550899999741e+00
7.131499999999999773e+01 0.000000000000000000e+00
7.136599999999999966e+01 2.000000000000000000e+00
7.141700000000000159e+01 1.000000000000000000e+00
7.146800000000000352e+01 2.400000000000000000e+01
7.151900000000000546e+01 1.800000000000000000e+01
7.156999999999999318e+01 0.000000000000000000e+00
7.162099999999999511e+01 1.700000000000000000e+01
7.167100000000000648e+01 1.000000000000000000e+00
7.172199999999999420e+01 1.000000000000000000e+00
7.177299999999999613e+01 5.000000000000000000e+00
7.182399999999999807e+01 0.000000000000000000e+00
7.187500000000000000e+01 0.000000000000000000e+00
7.192600000000000193e+01 1.000000000000000000e+00
7.197700000000000387e+01 0.000000000000000000e+00
7.202700000000000102e+01 0.000000000000000000e+00
7.207800000000000296e+01 0.000000000000000000e+00
7.212900000000000489e+01 0.000000000000000000e+00
7.218000000000000682e+01 0.000000000000000000e+00
7.223099999999999454e+01 0.000000000000000000e+00
7.228199999999999648e+01 0.000000000000000000e+00
7.233299999999999841e+01 0.000000000000000000e+00
7.241400000000000148e+01 0.000000000000000000e+00
7.247299999999999898e+01 0.000000000000000000e+00
7.252400000000000091e+01 0.000000000000000000e+00
7.257500000000000284e+01 0.000000000000000000e+00
7.262600000000000477e+01 1.000000000000000000e+00
7.267700000000000671e+01 0.000000000000000000e+00
7.272799999999999443e+01 0.000000000000000000e+00
7.277800000000000580e+01 0.000000000000000000e+00
7.282899999999999352e+01 0.000000000000000000e+00
7.287999999999999545e+01 0.000000000000000000e+00
7.293099999999999739e+01 0.000000000000000000e+00
7.298099999999999454e+01 0.000000000000000000e+00
7.303199999999999648e+01 0.000000000000000000e+00
7.308299999999999841e+01 0.000000000000000000e+00
7.313400000000000034e+01 0.000000000000000000e+00
7.318500000000000227e+01 0.000000000000000000e+00
7.323600000000000421e+01 0.000000000000000000e+00
7.328700000000000614e+01 0.000000000000000000e+00
7.333799999999999386e+01 0.000000000000000000e+00
7.338899999999999579e+01 0.000000000000000000e+00
7.343999999999999773e+01 0.000000000000000000e+00
7.349099999999999966e+01 0.000000000000000000e+00
7.354200000000000159e+01 0.000000000000000000e+00
7.359300000000000352e+01 0.000000000000000000e+00
7.364400000000000546e+01 0.000000000000000000e+00
7.369499999999999318e+01 0.000000000000000000e+00
7.374500000000000455e+01 0.000000000000000000e+00
7.379600000000000648e+01 0.000000000000000000e+00
7.384699999999999420e+01 0.000000000000000000e+00
7.389700000000000557e+01 0.000000000000000000e+00
7.394799999999999329e+01 0.000000000000000000e+00
7.399899999999999523e+01 0.000000000000000000e+00
7.404999999999999716e+01 0.000000000000000000e+00
7.410099999999999909e+01 0.000000000000000000e+00
7.415200000000000102e+01 0.000000000000000000e+00
7.420300000000000296e+01 1.000000000000000000e+00
7.425400000000000489e+01 0.000000000000000000e+00
7.434099999999999397e+01 0.000000000000000000e+00
7.439199999999999591e+01 0.000000000000000000e+00
7.444299999999999784e+01 0.000000000000000000e+00
7.449399999999999977e+01 0.000000000000000000e+00
7.454500000000000171e+01 0.000000000000000000e+00
7.459600000000000364e+01 0.000000000000000000e+00
7.464700000000000557e+01 0.000000000000000000e+00
7.469799999999999329e+01 0.000000000000000000e+00
7.474899999999999523e+01 0.000000000000000000e+00
7.479999999999999716e+01 0.000000000000000000e+00
7.485099999999999909e+01 0.000000000000000000e+00
7.490200000000000102e+01 0.000000000000000000e+00
7.495300000000000296e+01 0.000000000000000000e+00
