0.0000000000 0.0000000000 0.0545719014
0.0510000000 0.0000000000 0.0278419985
0.1010000000 0.0000000000 0.0356778797
0.1520000000 0.0000000000 0.0216240606
0.2030000000 0.0000000000 0.0377303884
0.2900000000 0.0000000000 0.0288320808
0.3410000000 0.0000000000 0.0132909325
0.3910000000 0.0000000000 0.0187131088
0.4420000000 0.0000000000 0.0288680984
0.4930000000 0.0000000000 0.0096705739
0.5440000000 0.0000000000 0.0299805121
0.5950000000 0.0000000000 0.0273525135
0.6460000000 0.0000000000 0.0475182957
0.6970000000 0.0000000000 0.0412812574
0.7480000000 0.0000000000 0.0145951285
0.7990000000 0.0000000000 0.0093981085
0.8500000000 0.0000000000 0.0389233091
0.9010000000 0.0000000000 0.0173592114
0.9520000000 0.0000000000 0.0110261507
1.0030000000 0.0000000000 0.0263068051
1.0540000000 0.0000000000 0.0282679401
1.1050000000 0.0000000000 0.0220523014
1.1550000000 0.0000000000 0.0234676135
1.2060000000 0.0000000000 0.0194749981
1.2570000000 0.0000000000 0.0695639303
1.3080000000 0.0000000000 0.0322352463
1.3600000000 0.0000000000 0.0197925462
1.4110000000 0.0000000000 0.0609663876
1.4620000000 0.0000000000 0.0500425595
1.5130000000 0.0000000000 0.0235339376
1.5640000000 0.0000000000 0.0153244611
1.6150000000 0.0000000000 0.0287056633
1.6660000000 0.0000000000 0.0072080202
1.7170000000 0.0000000000 0.0487274960
1.7680000000 0.0000000000 0.0010193680
1.8210000000 0.0000000000 0.0389499963
1.8720000000 0.0000000000 0.0463336113
1.9230000000 0.0000000000 0.0232451667
1.9760000000 0.0000000000 0.0509785923
2.0270000000 0.0000000000 0.0010193680
2.1120000000 0.0000000000 0.0237973854
2.1630000000 0.0000000000 0.0389499963
2.2140000000 0.0000000000 0.0279908873
2.2650000000 0.0000000000 0.0377166157
2.3160000000 0.0000000000 0.0424233477
2.3670000000 0.0000000000 0.0123170703
2.4180000000 0.0000000000 0.0447129708
2.4690000000 0.0000000000 0.0283230255
2.5200000000 0.0000000000 0.0220523014
2.5720000000 0.0000000000 0.0368244483
2.6230000000 1.0000000000 0.0468576756
2.6740000000 0.0000000000 0.0934822142
2.7240000000 0.0000000000 0.0194749981
2.7760000000 0.0000000000 0.0348677500
2.8270000000 0.0000000000 0.0116225833
2.8770000000 0.0000000000 0.0116225833
2.9280000000 0.0000000000 0.0370635249
2.9790000000 0.0000000000 0.0155265507
3.0310000000 0.0000000000 0.0387895975
3.0820000000 0.0000000000 0.0173592114
3.1330000000 0.0000000000 0.0050968400
3.1840000000 0.0000000000 0.0082184075
3.2350000000 0.0000000000 0.0248022937
3.2860000000 0.0000000000 0.0237973854
3.3370000000 0.0000000000 0.0287779699
3.3880000000 29.0000000000 0.5460654526
3.4400000000 13.0000000000 0.7400597580
3.4910000000 0.0000000000 0.5678977671
3.5410000000 0.0000000000 0.3713774585
3.5920000000 0.0000000000 0.9693503568
3.6430000000 0.0000000000 0.0497405623
3.6940000000 0.0000000000 0.5074292635
3.7450000000 0.0000000000 0.0428740894
3.7960000000 1.0000000000 0.1004168021
3.8470000000 0.0000000000 0.2535440955
3.8990000000 1.0000000000 0.1441387782
3.9500000000 0.0000000000 0.1072712280
4.0370000000 0.0000000000 0.0365411791
4.0880000000 0.0000000000 0.2326750706
4.1390000000 0.0000000000 0.1138273971
4.1900000000 0.0000000000 0.3051998663
4.2410000000 0.0000000000 0.0310531013
4.2920000000 0.0000000000 0.2779418569
4.3440000000 0.0000000000 0.4440702069
4.3940000000 0.0000000000 0.1067176541
4.4450000000 0.0000000000 0.1539245668
4.4960000000 14.0000000000 0.1209960178
4.5470000000 0.0000000000 0.0419058202
4.5980000000 3.0000000000 0.1866668493
4.6490000000 0.0000000000 0.1186020531
4.7000000000 3.0000000000 0.1443080927
4.7520000000 0.0000000000 0.0890591660
4.8030000000 0.0000000000 0.1649644831
4.8540000000 0.0000000000 0.1174398640
4.9050000000 2.0000000000 0.0846136839
4.9560000000 0.0000000000 0.1821362730
5.0070000000 0.0000000000 0.1391166571
5.0580000000 5.0000000000 0.2257618205
5.1090000000 0.0000000000 0.2755331129
5.1600000000 0.0000000000 0.0882857428
5.2110000000 6.0000000000 0.2029566536
5.2620000000 5.0000000000 0.0465908048
5.3130000000 0.0000000000 0.1319087390
5.3640000000 0.0000000000 0.1124451151
5.4150000000 0.0000000000 0.1810490534
5.4660000000 0.0000000000 0.1709045757
5.5170000000 7.0000000000 0.2969354396
5.5680000000 0.0000000000 0.0752194121
5.6200000000 0.0000000000 0.1899966308
5.6710000000 0.0000000000 0.0475947708
5.7220000000 0.0000000000 0.1112372915
5.7730000000 0.0000000000 0.0664546626
5.8240000000 0.0000000000 0.1673285650
5.8750000000 0.0000000000 0.1162258333
5.9610000000 0.0000000000 0.0723966602
6.0120000000 0.0000000000 0.0702772728
6.0630000000 0.0000000000 0.0943837882
6.1140000000 0.0000000000 0.1993639879
6.1640000000 5.0000000000 0.2800888626
6.2150000000 0.0000000000 0.0759069896
6.2660000000 0.0000000000 0.0993870723
6.3170000000 0.0000000000 0.1549975764
6.3680000000 0.0000000000 0.1033992947
6.4190000000 0.0000000000 0.1656810128
6.4700000000 0.0000000000 0.1773963916
6.5210000000 1.0000000000 0.2619478241
6.5720000000 1.0000000000 0.3432970491
6.6230000000 1.0000000000 0.3830328639
6.6740000000 0.0000000000 0.0891116549
6.7250000000 0.0000000000 0.1322391801
6.7760000000 4.0000000000 0.1007061287
6.8260000000 0.0000000000 0.2437142379
6.8770000000 1.0000000000 0.1783165717
6.9290000000 0.0000000000 0.2559608467
6.9790000000 0.0000000000 0.2470595582
7.0300000000 0.0000000000 0.1752957316
7.0810000000 0.0000000000 0.2697032729
7.1320000000 3.0000000000 0.2457015216
7.1830000000 0.0000000000 0.2123468559
7.2340000000 0.0000000000 0.0388163767
7.2850000000 0.0000000000 0.2020098295
7.3360000000 0.0000000000 0.1267505296
7.3870000000 0.0000000000 0.1493782843
7.4380000000 0.0000000000 0.0821651072
7.4890000000 1.0000000000 0.2657756470
7.5400000000 0.0000000000 0.2024260537
7.5910000000 0.0000000000 0.2125082787
7.6410000000 0.0000000000 0.1162705270
7.6920000000 0.0000000000 0.1617457889
7.7430000000 0.0000000000 0.1591814193
7.8010000000 2.0000000000 0.2047382277
7.8850000000 0.0000000000 0.1225448231
7.9360000000 3.0000000000 0.1333503217
7.9870000000 0.0000000000 0.1478751299
8.0380000000 0.0000000000 0.1476113841
8.0890000000 0.0000000000 0.1243879589
8.1400000000 3.0000000000 0.1725865573
8.1910000000 0.0000000000 0.0736488965
8.2420000000 3.0000000000 0.1777942599
8.2930000000 0.0000000000 0.1431077941
8.3450000000 0.0000000000 0.2437845779
8.3960000000 1.0000000000 0.2100120729
8.4470000000 0.0000000000 0.1132783431
8.5030000000 0.0000000000 0.2114912230
8.5540000000 1.0000000000 0.1865471276
8.6050000000 0.0000000000 0.1462286849
8.6580000000 0.0000000000 0.1151930935
8.7090000000 3.0000000000 0.1640802534
8.7600000000 0.0000000000 0.2627439537
8.8120000000 0.0000000000 0.1954025012
8.8630000000 0.0000000000 0.2127330880
8.9140000000 0.0000000000 0.1612149091
8.9650000000 0.0000000000 0.1529187897
9.0160000000 0.0000000000 0.1577947409
9.0670000000 0.0000000000 0.2357408323
9.1180000000 0.0000000000 0.2342551117
9.1690000000 0.0000000000 0.1982611782
9.2200000000 0.0000000000 0.1253864067
9.2710000000 1.0000000000 0.1609504265
9.3220000000 0.0000000000 0.1344020365
9.3730000000 0.0000000000 0.1330382630
9.4240000000 1.0000000000 0.1778643796
9.4750000000 0.0000000000 0.1158542106
9.5260000000 0.0000000000 0.1659817841
9.5770000000 0.0000000000 0.1350845294
9.6290000000 0.0000000000 0.1126759045
9.6800000000 0.0000000000 0.1804310141
9.7660000000 0.0000000000 0.1141783162
9.8170000000 1.0000000000 0.1207165859
9.8680000000 0.0000000000 0.1361075778
9.9190000000 0.0000000000 0.1392696946
9.9700000000 0.0000000000 0.1582681656
10.0210000000 1.0000000000 0.1695524927
10.0720000000 0.0000000000 0.0479211387
10.1230000000 0.0000000000 0.1759731513
10.1740000000 0.0000000000 0.1153012899
10.2250000000 1.0000000000 0.1492495384
10.2760000000 0.0000000000 0.1344831913
10.3260000000 0.0000000000 0.1467111018
10.3770000000 0.0000000000 0.1478645891
10.4280000000 0.0000000000 0.1660099535
10.4790000000 0.0000000000 0.0757699732
10.5300000000 0.0000000000 0.1690707169
10.5810000000 0.0000000000 0.1233814316
10.6330000000 5.0000000000 1.3275607848
10.6840000000 0.0000000000 0.2835712464
10.7350000000 0.0000000000 0.5038370025
10.7860000000 0.0000000000 1.6858833489
10.8370000000 0.0000000000 2.1340633853
10.8880000000 0.0000000000 2.2508757858
10.9390000000 323.0000000000 1.9521759362
10.9890000000 991.0000000000 2.8269855207
11.0410000000 0.0000000000 2.8269855207
11.0920000000 158.0000000000 2.1877035960
11.1420000000 112.0000000000 2.8269855207
11.1930000000 0.0000000000 2.8269855207
11.2440000000 53.0000000000 2.8269855207
11.2950000000 11.0000000000 1.9607259133
11.3460000000 0.0000000000 2.8269855207
11.3970000000 7.0000000000 2.8269855207
11.4480000000 2.0000000000 2.8269855207
11.4990000000 0.0000000000 1.3908995163
11.5500000000 10.0000000000 2.0609354568
11.6310000000 0.0000000000 2.0048778738
11.6860000000 0.0000000000 1.2198364089
11.7370000000 4.0000000000 0.9308638326
11.7880000000 0.0000000000 0.9608185476
11.8390000000 1.0000000000 1.1386564052
11.8890000000 2.0000000000 1.3845404156
11.9410000000 0.0000000000 1.6899940813
11.9910000000 0.0000000000 2.0511105083
12.0420000000 3.0000000000 1.1650604684
12.0930000000 0.0000000000 1.0864148409
12.1440000000 0.0000000000 1.4017203196
12.1950000000 0.0000000000 1.6085307144
12.2460000000 0.0000000000 1.5625222251
12.2970000000 0.0000000000 1.1865373365
12.3490000000 0.0000000000 0.9838554154
12.4000000000 0.0000000000 1.0227614261
12.4510000000 0.0000000000 1.2446462309
12.5020000000 0.0000000000 1.4886029415
12.5530000000 0.0000000000 1.2585496368
12.6040000000 0.0000000000 0.8578555519
12.6550000000 0.0000000000 0.9183736240
12.7060000000 0.0000000000 1.8087578440
12.7570000000 0.0000000000 1.8506639227
12.8080000000 0.0000000000 1.4922464631
12.8580000000 0.0000000000 0.8103366456
12.9090000000 0.0000000000 0.9827468766
12.9600000000 0.0000000000 1.1661970795
13.0110000000 0.0000000000 1.4823128358
13.0620000000 0.0000000000 1.4313846867
13.1140000000 0.0000000000 1.3325432449
13.1650000000 0.0000000000 1.8368561486
13.2160000000 0.0000000000 1.1302603175
13.2670000000 0.0000000000 0.6647561210
13.3180000000 0.0000000000 1.1589819582
13.3690000000 0.0000000000 1.5230087850
13.4200000000 0.0000000000 1.4972048713
13.4710000000 0.0000000000 1.5871484342
13.5520000000 0.0000000000 1.0766113813
13.6080000000 0.0000000000 1.3064377033
13.6580000000 0.0000000000 1.0605895710
13.7090000000 0.0000000000 0.9073657837
13.7600000000 0.0000000000 1.3710954219
13.8100000000 0.0000000000 1.5345988415
13.8610000000 0.0000000000 1.6314894746
13.9120000000 2.0000000000 1.3060984307
13.9630000000 0.0000000000 1.2216716055
14.0140000000 0.0000000000 1.7257550876
14.0650000000 0.0000000000 1.6945471409
14.1160000000 0.0000000000 1.0750060749
14.1670000000 1.0000000000 1.0305381871
14.2180000000 1.0000000000 1.0950977869
14.2690000000 1.0000000000 1.0420937707
14.3200000000 0.0000000000 1.2337848385
14.3710000000 0.0000000000 1.3171974051
14.4220000000 0.0000000000 1.1356111719
14.4730000000 0.0000000000 1.3440563152
14.5240000000 0.0000000000 1.6127049194
14.5750000000 0.0000000000 1.4955518107
14.6250000000 1.0000000000 1.5190238606
14.6760000000 0.0000000000 1.3335577624
14.7270000000 0.0000000000 1.1595981878
14.7790000000 0.0000000000 1.2542162266
14.8300000000 0.0000000000 1.3692039913
14.8810000000 0.0000000000 1.3277967546
14.9320000000 1.0000000000 1.1327531591
14.9830000000 0.0000000000 1.0518544116
15.0340000000 0.0000000000 1.2227577195
15.0850000000 0.0000000000 1.3736792163
15.1360000000 0.0000000000 1.3514670733
15.1870000000 0.0000000000 1.2529936014
15.2380000000 0.0000000000 1.2584179400
15.2890000000 1.0000000000 1.4448360963
15.3420000000 0.0000000000 1.3642666876
15.4220000000 0.0000000000 1.1822787998
15.4770000000 0.0000000000 1.3405537893
15.5280000000 0.0000000000 1.4010081092
15.5790000000 0.0000000000 1.3896363801
15.6300000000 0.0000000000 1.3298033462
15.6810000000 0.0000000000 1.3010945665
15.7320000000 0.0000000000 1.3494953893
15.7830000000 0.0000000000 1.4897166039
15.8340000000 0.0000000000 1.4625671561
15.8850000000 0.0000000000 1.3943076219
15.9360000000 0.0000000000 1.3110265283
15.9870000000 1.0000000000 1.3363140688
16.0380000000 0.0000000000 1.3910339840
16.0890000000 0.0000000000 1.3995922528
16.1400000000 0.0000000000 1.3350533815
16.1900000000 0.0000000000 1.2756371213
16.2410000000 0.0000000000 1.2924705816
16.2920000000 0.0000000000 1.3568094315
16.3430000000 0.0000000000 1.3197902693
16.3930000000 0.0000000000 1.2334150511
16.4440000000 0.0000000000 1.2772209075
16.4950000000 0.0000000000 1.4372098201
16.5460000000 0.0000000000 1.3775599645
16.5970000000 1.0000000000 1.2805574825
16.6480000000 0.0000000000 1.3473766118
16.6990000000 0.0000000000 1.4241767477
16.7500000000 0.0000000000 1.3380062105
16.8010000000 1.0000000000 1.2991828060
16.8520000000 0.0000000000 1.3162800122
16.9030000000 0.0000000000 1.2649777673
16.9540000000 0.0000000000 1.3010526370
17.0050000000 0.0000000000 1.4455849382
17.0560000000 0.0000000000 1.4532770206
17.1060000000 0.0000000000 1.3925924865
17.1570000000 0.0000000000 1.3577078578
17.2080000000 0.0000000000 1.4796957709
17.2590000000 0.0000000000 1.4023132433
17.3480000000 0.0000000000 1.4309054807
17.3990000000 0.0000000000 1.4470753558
17.4500000000 0.0000000000 1.4415845773
17.5010000000 0.0000000000 1.3287906542
17.5520000000 0.0000000000 1.2590696836
17.6030000000 0.0000000000 1.3221768721
17.6540000000 0.0000000000 1.3294579216
17.7060000000 0.0000000000 1.2822020514
17.7570000000 0.0000000000 1.3233799449
17.8080000000 0.0000000000 1.4611352119
17.8590000000 1.0000000000 1.4016176443
17.9090000000 0.0000000000 1.2879939465
17.9600000000 1.0000000000 1.3995863133
18.0120000000 0.0000000000 1.4039154768
18.0620000000 0.0000000000 1.3309296511
18.1130000000 0.0000000000 1.3328757862
18.1640000000 0.0000000000 1.3206009707
18.2150000000 0.0000000000 1.2519972126
18.2660000000 0.0000000000 1.2920737602
18.3180000000 0.0000000000 1.3978363981
18.3690000000 0.0000000000 1.3628340094
18.4200000000 0.0000000000 1.2753450602
18.4710000000 0.0000000000 1.2735949586
18.5220000000 0.0000000000 1.4160896362
18.5730000000 1.0000000000 1.3941324766
18.6240000000 0.0000000000 1.3205163819
18.6750000000 1.0000000000 1.3456742458
18.7260000000 0.0000000000 1.3298033462
18.7770000000 0.0000000000 1.2676614601
18.8280000000 0.0000000000 1.2700335224
18.8790000000 0.0000000000 1.3367195231
18.9300000000 0.0000000000 1.2809513819
18.9810000000 0.0000000000 1.3046225841
19.0320000000 0.0000000000 1.3861680651
19.0830000000 0.0000000000 1.3509060616
19.1340000000 0.0000000000 1.2835365097
19.1850000000 0.0000000000 1.3643702698
19.2720000000 0.0000000000 1.3730130060
19.3230000000 0.0000000000 1.3218384948
19.3740000000 0.0000000000 1.3900087135
19.4250000000 0.0000000000 1.3747385856
19.4760000000 0.0000000000 1.2943075599
19.5270000000 0.0000000000 1.3390670297
19.5780000000 1.0000000000 1.2862727691
19.6280000000 0.0000000000 1.1890856623
19.6790000000 0.0000000000 1.2346629555
19.7310000000 0.0000000000 1.2633144775
19.7810000000 0.0000000000 1.2295728947
19.8320000000 0.0000000000 1.2943745946
19.8830000000 1.0000000000 1.3437191945
19.9340000000 0.0000000000 1.3141076815
19.9860000000 0.0000000000 1.3423063882
20.0370000000 0.0000000000 1.3954701037
20.0880000000 0.0000000000 1.3273333846
20.1390000000 0.0000000000 1.2991980025
20.1900000000 0.0000000000 1.3574770875
20.2410000000 0.0000000000 1.2590585420
20.2920000000 0.0000000000 1.2862376273
20.3430000000 0.0000000000 1.4377255922
20.3940000000 0.0000000000 1.4039957810
20.4450000000 0.0000000000 1.4260579308
20.4960000000 0.0000000000 1.4565755620
20.5470000000 0.0000000000 1.2786698708
20.5980000000 0.0000000000 1.3448168459
20.6490000000 1.0000000000 1.4449921520
20.7000000000 0.0000000000 1.3375731795
20.7510000000 0.0000000000 1.2694586235
20.8020000000 0.0000000000 1.3709741575
20.8530000000 0.0000000000 1.3764789874
20.9040000000 0.0000000000 1.3475262183
20.9550000000 0.0000000000 1.4362384950
21.0060000000 1.0000000000 1.4263526432
21.0580000000 0.0000000000 1.4013696355
21.1090000000 0.0000000000 1.4545234677
21.1950000000 1.0000000000 1.2598749196
21.2460000000 1.0000000000 1.2544046949
21.2970000000 0.0000000000 1.3460386683
21.3480000000 0.0000000000 1.3665786600
21.3990000000 0.0000000000 1.3858524355
21.4500000000 1.0000000000 1.3443682312
21.5080000000 1.0000000000 1.3212853504
21.5590000000 0.0000000000 1.3291186617
21.6100000000 0.0000000000 1.3980902363
21.6620000000 0.0000000000 1.4189170380
21.7130000000 0.0000000000 1.4339381098
21.7640000000 0.0000000000 1.4179936395
21.8150000000 0.0000000000 1.3493417657
21.8660000000 0.0000000000 1.3374717951
21.9170000000 0.0000000000 1.3680605861
21.9680000000 0.0000000000 1.3630459577
22.0190000000 0.0000000000 1.3761109219
22.0700000000 0.0000000000 1.4045725782
22.1210000000 0.0000000000 1.3153276149
22.1720000000 0.0000000000 1.2928001684
22.2250000000 0.0000000000 1.3652606762
22.2760000000 0.0000000000 1.4194584904
22.3270000000 0.0000000000 1.3879229590
22.3800000000 0.0000000000 1.3276731007
22.4310000000 0.0000000000 1.3203963746
22.4820000000 0.0000000000 1.3534113165
22.5330000000 0.0000000000 1.4093144975
22.5840000000 0.0000000000 1.4275301566
22.6350000000 0.0000000000 1.3678961335
22.6860000000 0.0000000000 1.3265961208
22.7360000000 0.0000000000 1.3420056075
22.7870000000 0.0000000000 1.3071096245
22.8380000000 0.0000000000 1.2497143937
22.8890000000 0.0000000000 1.3227158960
22.9400000000 0.0000000000 1.3303123323
23.0190000000 0.0000000000 1.3743881994
23.0730000000 0.0000000000 1.4454282276
23.1240000000 0.0000000000 1.3799727839
23.1750000000 0.0000000000 1.3290498612
23.2260000000 0.0000000000 1.3623596746
23.2770000000 0.0000000000 1.2798797406
23.3280000000 0.0000000000 1.2817315213
23.3790000000 0.0000000000 1.3684558750
23.4300000000 1.0000000000 1.3307984801
23.4820000000 1.0000000000 1.3960779629
23.5330000000 0.0000000000 1.4889254031
23.5840000000 0.0000000000 1.4101547881
23.6350000000 0.0000000000 1.3838535288
23.6870000000 0.0000000000 1.3182694516
23.7380000000 0.0000000000 1.3960106015
23.7890000000 1.0000000000 1.3516834947
23.8400000000 0.0000000000 1.3683943678
23.8920000000 1.0000000000 1.4454523104
23.9420000000 0.0000000000 1.3755308774
23.9940000000 0.0000000000 1.4258513408
24.0450000000 0.0000000000 1.4542051678
24.0960000000 0.0000000000 1.4430917277
24.1470000000 0.0000000000 1.4123765652
24.1980000000 0.0000000000 1.3215259790
24.2490000000 0.0000000000 1.4005455903
24.3010000000 0.0000000000 1.3788285117
24.3520000000 0.0000000000 1.2540517596
24.4030000000 0.0000000000 1.2886541162
24.4550000000 0.0000000000 1.3688123346
24.5060000000 0.0000000000 1.3402983578
24.5570000000 0.0000000000 1.2980241514
24.6080000000 0.0000000000 1.2689014803
24.6590000000 0.0000000000 1.3617428686
24.7110000000 0.0000000000 1.3284617835
24.7610000000 0.0000000000 1.3166198180
24.8130000000 0.0000000000 1.3238278227
24.8640000000 0.0000000000 1.3745847593
24.9420000000 0.0000000000 1.4034239297
24.9930000000 0.0000000000 1.3394049335
25.0440000000 0.0000000000 1.2825132116
25.0960000000 0.0000000000 1.2502489203
25.1470000000 0.0000000000 1.2546316477
25.1980000000 0.0000000000 1.2511914744
25.2500000000 0.0000000000 1.2242253095
25.3010000000 0.0000000000 1.2593886219
25.3520000000 0.0000000000 1.3190676958
25.4040000000 0.0000000000 1.3983949299
25.4550000000 0.0000000000 1.3221171416
25.5060000000 0.0000000000 1.2642998926
25.5580000000 0.0000000000 1.3586030130
25.6090000000 0.0000000000 1.4591230017
25.6600000000 0.0000000000 1.3733773621
25.7110000000 0.0000000000 1.3189491323
25.7630000000 0.0000000000 1.3854294842
25.8130000000 0.0000000000 1.3683943678
25.8650000000 0.0000000000 1.3776580217
25.9160000000 0.0000000000 1.4315255137
25.9670000000 0.0000000000 1.3415572145
26.0190000000 0.0000000000 1.3178015488
26.0700000000 0.0000000000 1.3109219017
26.1210000000 0.0000000000 1.3490980110
26.1730000000 1.0000000000 1.2719396696
26.2240000000 0.0000000000 1.2356779470
26.2760000000 0.0000000000 1.2634218128
26.3270000000 0.0000000000 1.2574432033
26.3780000000 0.0000000000 1.3804410667
26.4300000000 0.0000000000 1.4338634683
26.4810000000 1.0000000000 1.4602007953
26.5320000000 0.0000000000 1.5365375722
26.5830000000 1.0000000000 1.4490383233
26.6340000000 0.0000000000 1.2377805701
26.6850000000 0.0000000000 1.1708966789
26.7370000000 1.0000000000 1.1887461137
26.7880000000 0.0000000000 1.3639776060
26.8650000000 1.0000000000 1.3088498447
26.9210000000 0.0000000000 1.4280534268
26.9720000000 0.0000000000 1.4444879666
27.0230000000 0.0000000000 1.6213031086
27.0750000000 0.0000000000 1.5247353271
27.1260000000 0.0000000000 1.3825606564
27.1770000000 0.0000000000 1.2765015073
27.2290000000 1.0000000000 1.2534848670
27.2800000000 0.0000000000 1.2569175232
27.3310000000 0.0000000000 1.2152730600
27.3820000000 0.0000000000 1.2106247052
27.4330000000 0.0000000000 1.4329573155
27.4850000000 0.0000000000 1.5028160321
27.5360000000 0.0000000000 1.4309185521
27.5870000000 0.0000000000 1.2517992508
27.6380000000 0.0000000000 1.2428253114
27.6900000000 0.0000000000 1.3698231270
27.7410000000 0.0000000000 1.4173614553
27.7920000000 0.0000000000 1.2860728115
27.8440000000 0.0000000000 1.2224262488
27.8950000000 0.0000000000 1.3496632389
27.9460000000 0.0000000000 1.4003181694
27.9980000000 0.0000000000 1.3697336124
28.0490000000 0.0000000000 1.3528307564
28.1010000000 0.0000000000 1.3159045847
28.1520000000 0.0000000000 1.2924299804
28.2030000000 0.0000000000 1.2888335174
28.2540000000 0.0000000000 1.2952377075
28.3050000000 0.0000000000 1.2327611236
28.3560000000 0.0000000000 1.2730090161
28.4080000000 0.0000000000 1.3375366665
28.4590000000 0.0000000000 1.3954894639
28.5110000000 0.0000000000 1.3941212963
28.5620000000 1.0000000000 1.2357582526
28.6130000000 0.0000000000 1.2289067761
28.6650000000 0.0000000000 1.3894266183
28.7160000000 0.0000000000 1.4938697935
28.7910000000 1.0000000000 1.3185319090
28.8440000000 0.0000000000 1.4064293734
28.8950000000 0.0000000000 1.4670692292
28.9460000000 0.0000000000 1.4293796655
28.9980000000 0.0000000000 1.3213856176
29.0490000000 1.0000000000 1.2550750812
29.1040000000 0.0000000000 1.3971292734
29.1550000000 0.0000000000 1.3768537468
29.2060000000 0.0000000000 1.3530254561
29.2590000000 0.0000000000 1.3627547109
29.3100000000 0.0000000000 1.4472315291
29.3610000000 0.0000000000 1.4413823755
29.4120000000 0.0000000000 1.4149668607
29.4630000000 0.0000000000 1.4305147364
29.5140000000 0.0000000000 1.3865758030
29.5650000000 1.0000000000 1.3481896080
29.6160000000 0.0000000000 1.3133084006
29.6670000000 0.0000000000 1.3159815738
29.7180000000 0.0000000000 1.4224201932
29.7690000000 0.0000000000 1.3829487953
29.8200000000 0.0000000000 1.3828011425
29.8710000000 0.0000000000 1.4944205940
29.9210000000 1.0000000000 1.3565984237
29.9720000000 0.0000000000 1.3426577943
30.0230000000 0.0000000000 1.4520108971
30.0730000000 1.0000000000 1.3506129662
30.1240000000 0.0000000000 1.3492555131
30.1750000000 0.0000000000 1.3586190745
30.2260000000 1.0000000000 1.3397012565
30.2770000000 0.0000000000 1.3293860120
30.3280000000 0.0000000000 1.2836105831
30.3790000000 0.0000000000 1.3001226533
30.4300000000 0.0000000000 1.3205742176
30.4810000000 0.0000000000 1.2846192561
30.5320000000 0.0000000000 1.2814899073
30.5830000000 0.0000000000 1.2899488731
30.6680000000 0.0000000000 1.2082744721
30.7190000000 0.0000000000 1.2490249075
30.7690000000 0.0000000000 1.3598422501
30.8200000000 1.0000000000 1.2088109904
30.8710000000 0.0000000000 1.1974116229
30.9210000000 0.0000000000 1.3151040254
30.9720000000 0.0000000000 1.4527621205
31.0230000000 0.0000000000 1.4119199782
31.0740000000 0.0000000000 1.2421181980
31.1250000000 0.0000000000 1.3832282780
31.1760000000 0.0000000000 1.4951769185
31.2270000000 0.0000000000 1.4803146717
31.2780000000 0.0000000000 1.3321423698
31.3290000000 0.0000000000 1.2275988485
31.3800000000 0.0000000000 1.2716549306
31.4310000000 0.0000000000 1.3632277649
31.4820000000 0.0000000000 1.3009855470
31.5330000000 0.0000000000 1.2790082947
31.5840000000 0.0000000000 1.2969409786
31.6340000000 0.0000000000 1.3246513498
31.6850000000 0.0000000000 1.3731155501
31.7360000000 0.0000000000 1.3629925926
31.7860000000 0.0000000000 1.3685329450
31.8370000000 0.0000000000 1.3368283490
31.8880000000 0.0000000000 1.4403900578
31.9390000000 0.0000000000 1.4670968523
31.9900000000 0.0000000000 1.2909582281
32.0410000000 0.0000000000 1.2639275231
32.0920000000 0.0000000000 1.3332530596
32.1430000000 0.0000000000 1.2781573923
32.1940000000 0.0000000000 1.2892494709
32.2450000000 0.0000000000 1.2793458170
32.2960000000 0.0000000000 1.1974103212
32.3470000000 0.0000000000 1.3111723574
32.3980000000 0.0000000000 1.4459399902
32.4490000000 1.0000000000 1.4006731970
32.5310000000 0.0000000000 1.2936844125
32.5870000000 1.0000000000 1.4063824570
32.6370000000 0.0000000000 1.4120542838
32.6870000000 0.0000000000 1.3060506948
32.7380000000 0.0000000000 1.3502197647
32.7890000000 0.0000000000 1.4235885507
32.8400000000 0.0000000000 1.3098628809
32.8910000000 0.0000000000 1.3163640838
32.9430000000 0.0000000000 1.4277415984
32.9940000000 0.0000000000 1.3359372710
33.0450000000 0.0000000000 1.1824901576
33.0960000000 0.0000000000 1.1763175371
33.1470000000 0.0000000000 1.2287105912
33.1980000000 0.0000000000 1.1870294065
33.2490000000 0.0000000000 1.1681765942
33.3000000000 0.0000000000 1.2912656688
33.3510000000 1.0000000000 1.3180790782
33.4020000000 0.0000000000 1.3440192051
33.4530000000 0.0000000000 1.3368209646
33.5030000000 0.0000000000 1.3302642936
33.5540000000 0.0000000000 1.3856391012
33.6050000000 0.0000000000 1.4393595163
33.6560000000 0.0000000000 1.3641604315
33.7080000000 0.0000000000 1.3715894637
33.7590000000 0.0000000000 1.3556613210
33.8100000000 0.0000000000 1.3498684027
33.8610000000 0.0000000000 1.4199049692
33.9120000000 0.0000000000 1.4204372666
33.9630000000 0.0000000000 1.3264672631
34.0140000000 0.0000000000 1.2475585882
34.0650000000 0.0000000000 1.3142005896
34.1160000000 0.0000000000 1.3362114224
34.1670000000 1.0000000000 1.3270922430
34.2170000000 0.0000000000 1.3565995726
34.2690000000 0.0000000000 1.4147042986
34.3200000000 0.0000000000 1.3436465014
34.3700000000 0.0000000000 1.2882670082
34.4540000000 0.0000000000 1.4527953799
34.5110000000 0.0000000000 1.3339180948
34.5620000000 0.0000000000 1.2985343909
34.6130000000 1.0000000000 1.3962621669
34.6640000000 1.0000000000 1.3595208909
34.7150000000 0.0000000000 1.3482647536
34.7660000000 0.0000000000 1.3101432816
34.8170000000 0.0000000000 1.2903161490
34.8680000000 0.0000000000 1.3323935158
34.9190000000 0.0000000000 1.2986124098
34.9710000000 0.0000000000 1.2364328660
35.0220000000 0.0000000000 1.3195067999
35.0720000000 0.0000000000 1.3117159034
35.1230000000 0.0000000000 1.3155871049
35.1740000000 0.0000000000 1.2974968934
35.2320000000 0.0000000000 1.3539785810
35.2830000000 0.0000000000 1.2875053564
35.3350000000 0.0000000000 1.2516054089
35.3860000000 0.0000000000 1.2261454659
35.4370000000 0.0000000000 1.2562931993
35.4880000000 0.0000000000 1.2285520136
35.5390000000 0.0000000000 1.2196792335
35.5900000000 0.0000000000 1.2537003827
35.6410000000 0.0000000000 1.2324390885
35.6930000000 0.0000000000 1.2941401586
35.7440000000 0.0000000000 1.4101813154
35.7950000000 0.0000000000 1.3642529776
35.8460000000 0.0000000000 1.3460386683
35.8970000000 0.0000000000 1.2881460131
35.9500000000 0.0000000000 1.3063836165
36.0010000000 0.0000000000 1.3703540253
36.0540000000 0.0000000000 1.3912016768
36.1050000000 1.0000000000 1.3448118235
36.1560000000 0.0000000000 1.3938428796
36.2070000000 0.0000000000 1.4570630847
36.2580000000 0.0000000000 1.4092680458
36.3420000000 0.0000000000 1.5353472177
36.3940000000 2.0000000000 1.4049716468
36.4450000000 0.0000000000 1.3668854365
36.4960000000 0.0000000000 1.4596466924
36.5480000000 0.0000000000 1.3753846948
36.5990000000 0.0000000000 1.3106967679
36.6500000000 0.0000000000 1.2270129596
36.7020000000 0.0000000000 1.1949575796
36.7530000000 0.0000000000 1.2972594172
36.8040000000 2.0000000000 1.4749243893
36.8560000000 0.0000000000 1.5344942225
36.9070000000 0.0000000000 1.4269305982
36.9580000000 0.0000000000 1.4617456212
37.0090000000 0.0000000000 1.4013229205
37.0610000000 0.0000000000 1.4239341276
37.1120000000 0.0000000000 1.4697186762
37.1630000000 0.0000000000 1.2682265222
37.2150000000 0.0000000000 1.3153280099
37.2660000000 0.0000000000 1.4562113293
37.3180000000 0.0000000000 1.4466078124
37.3690000000 0.0000000000 1.3733909810
37.4200000000 0.0000000000 1.3464311615
37.4720000000 0.0000000000 1.3726954872
37.5230000000 0.0000000000 1.3546729454
37.5750000000 0.0000000000 1.3052154317
37.6260000000 1.0000000000 1.4315266026
37.6770000000 0.0000000000 1.3541585361
37.7280000000 0.0000000000 1.3201571143
37.7790000000 0.0000000000 1.3728025965
37.8310000000 0.0000000000 1.3291186617
37.8820000000 0.0000000000 1.2377805701
37.9330000000 0.0000000000 1.3825463763
37.9850000000 0.0000000000 1.4143377318
38.0360000000 0.0000000000 1.3757363378
38.0880000000 0.0000000000 1.3243928512
38.1390000000 0.0000000000 1.3790967739
38.1900000000 1.0000000000 1.3355125168
38.2760000000 0.0000000000 1.2650537487
38.3270000000 0.0000000000 1.3164773550
38.3780000000 0.0000000000 1.2988884392
38.4290000000 0.0000000000 1.2510415607
38.4800000000 0.0000000000 1.4234421934
38.5310000000 0.0000000000 1.4966773125
38.5820000000 2.0000000000 1.3258157332
38.6340000000 0.0000000000 1.3070050819
38.6840000000 0.0000000000 1.2967787252
38.7350000000 0.0000000000 1.3444424311
38.7870000000 0.0000000000 1.2802908927
38.8380000000 0.0000000000 1.3237387303
38.8890000000 0.0000000000 1.4100774138
38.9400000000 0.0000000000 1.4204186121
38.9920000000 0.0000000000 1.2330565294
39.0430000000 0.0000000000 1.2839197833
39.0940000000 0.0000000000 1.3822186432
39.1450000000 0.0000000000 1.3158962933
39.1970000000 0.0000000000 1.3467008618
39.2480000000 0.0000000000 1.4584908337
39.2990000000 0.0000000000 1.3509487513
39.3500000000 1.0000000000 1.3492555131
39.4010000000 0.0000000000 1.4519872809
39.4520000000 0.0000000000 1.4817066917
39.5030000000 0.0000000000 1.3965434496
39.5540000000 0.0000000000 1.3122065652
39.6060000000 0.0000000000 1.2961090646
39.6570000000 0.0000000000 1.2803152411
39.7080000000 0.0000000000 1.3307000935
39.7590000000 0.0000000000 1.3803590157
39.8110000000 0.0000000000 1.3357163534
39.8620000000 0.0000000000 1.3485791636
39.9130000000 1.0000000000 1.4016191270
39.9640000000 1.0000000000 1.3733879546
40.0160000000 0.0000000000 1.4394060798
40.0670000000 0.0000000000 1.3448956568
40.1180000000 0.0000000000 1.3716209036
40.2040000000 0.0000000000 1.3557858711
40.2540000000 0.0000000000 1.3246235018
40.3060000000 0.0000000000 1.3396256306
40.3570000000 0.0000000000 1.3981247963
40.4070000000 0.0000000000 1.3507610604
40.4590000000 0.0000000000 1.3060984307
40.5100000000 0.0000000000 1.3811176128
40.5610000000 0.0000000000 1.4058592511
40.6130000000 0.0000000000 1.1932480670
40.6640000000 0.0000000000 1.1201272661
40.7150000000 0.0000000000 1.2206466700
40.7670000000 1.0000000000 1.1833194051
40.8180000000 0.0000000000 1.1612265947
40.8700000000 0.0000000000 1.2005909182
40.9210000000 0.0000000000 1.3127251446
40.9720000000 0.0000000000 1.2990720263
41.0240000000 0.0000000000 1.4506326439
41.0750000000 1.0000000000 1.4633726080
41.1260000000 1.0000000000 1.3864172941
41.1770000000 0.0000000000 1.3981225667
41.2280000000 0.0000000000 1.2968708716
41.2790000000 0.0000000000 1.2733766898
41.3310000000 0.0000000000 1.4188269590
41.3820000000 0.0000000000 1.4129164791
41.4330000000 0.0000000000 1.3368283490
41.4850000000 0.0000000000 1.2679991344
41.5360000000 0.0000000000 1.2602505478
41.5870000000 0.0000000000 1.2641794804
41.6390000000 0.0000000000 1.2283151664
41.6900000000 1.0000000000 1.2708089166
41.7410000000 0.0000000000 1.3012455014
41.7930000000 0.0000000000 1.4071890541
41.8440000000 0.0000000000 1.4134580247
41.8950000000 0.0000000000 1.4453203893
41.9460000000 0.0000000000 1.4724734476
42.0000000000 0.0000000000 1.3887327952
42.0510000000 0.0000000000 1.4018148336
42.1350000000 0.0000000000 1.2693341984
42.1860000000 0.0000000000 1.3497744854
42.2370000000 0.0000000000 1.4048481288
42.2880000000 0.0000000000 1.3661527841
42.3390000000 0.0000000000 1.2999020441
42.3900000000 0.0000000000 1.3700825345
42.4410000000 0.0000000000 1.2994835031
42.4930000000 0.0000000000 1.3927155991
42.5440000000 0.0000000000 1.4097254917
42.5950000000 0.0000000000 1.3348401023
42.6460000000 0.0000000000 1.3406146361
42.6970000000 0.0000000000 1.3946056910
42.7480000000 0.0000000000 1.3467116642
42.8000000000 0.0000000000 1.3522868314
42.8530000000 0.0000000000 1.3075475788
42.9040000000 0.0000000000 1.2375379322
42.9570000000 0.0000000000 1.2817623278
43.0080000000 0.0000000000 1.2811870146
43.0590000000 0.0000000000 1.3552922022
43.1100000000 0.0000000000 1.3948545299
43.1610000000 0.0000000000 1.4162811422
43.2120000000 0.0000000000 1.4273456200
43.2630000000 0.0000000000 1.2901063474
43.3150000000 0.0000000000 1.2521997071
43.3660000000 1.0000000000 1.3040812608
43.4170000000 0.0000000000 1.2991756076
43.4680000000 0.0000000000 1.2610224813
43.5190000000 0.0000000000 1.2795504802
43.5700000000 0.0000000000 1.3718595202
43.6210000000 0.0000000000 1.4436417479
43.6720000000 0.0000000000 1.4041585957
43.7230000000 0.0000000000 1.4175318979
43.7740000000 0.0000000000 1.3301600084
43.8240000000 0.0000000000 1.3495311939
43.8750000000 0.0000000000 1.4026062773
43.9630000000 0.0000000000 1.2420341205
44.0130000000 0.0000000000 1.2635908166
44.0640000000 0.0000000000 1.4080630842
44.1150000000 0.0000000000 1.4315716062
44.1660000000 0.0000000000 1.4508496714
44.2170000000 0.0000000000 1.4858917108
44.2680000000 0.0000000000 1.4925893712
44.3190000000 0.0000000000 1.4076246606
44.3700000000 0.0000000000 1.4463136350
44.4210000000 0.0000000000 1.4193926046
44.4720000000 0.0000000000 1.3735093842
44.5230000000 0.0000000000 1.3903047147
44.5740000000 1.0000000000 1.3717288543
44.6250000000 0.0000000000 1.3554144863
44.6750000000 0.0000000000 1.3753990493
44.7260000000 0.0000000000 1.4318430496
44.7770000000 0.0000000000 1.4850078594
44.8280000000 0.0000000000 1.4623046136
44.8790000000 0.0000000000 1.4064858927
44.9300000000 0.0000000000 1.4085972746
44.9810000000 0.0000000000 1.2767619704
45.0320000000 0.0000000000 1.2467008067
45.0830000000 0.0000000000 1.3360679374
45.1340000000 1.0000000000 1.4102796832
45.1850000000 0.0000000000 1.3911878587
45.2360000000 1.0000000000 1.2868882010
45.2870000000 0.0000000000 1.4006769063
45.3380000000 1.0000000000 1.4469514823
45.3890000000 0.0000000000 1.3917330062
45.4400000000 0.0000000000 1.4406338735
45.4910000000 1.0000000000 1.3428698320
45.5410000000 0.0000000000 1.2931477513
45.5920000000 1.0000000000 1.3584423876
45.6430000000 1.0000000000 1.3656495471
45.6940000000 1.0000000000 1.2696206854
45.7450000000 0.0000000000 1.2364660618
45.7960000000 0.0000000000 1.3716864326
45.8820000000 0.0000000000 1.3258274894
45.9330000000 0.0000000000 1.2491501079
45.9840000000 0.0000000000 1.2252027263
46.0340000000 0.0000000000 1.2545848524
46.0850000000 0.0000000000 1.3468663593
46.1360000000 0.0000000000 1.2920733581
46.1870000000 0.0000000000 1.2228550188
46.2380000000 0.0000000000 1.2384448525
46.2890000000 0.0000000000 1.3769005373
46.3400000000 0.0000000000 1.3788944518
46.3900000000 0.0000000000 1.4558762688
46.4410000000 0.0000000000 1.4355495627
46.4920000000 1.0000000000 1.4734998701
46.5430000000 0.0000000000 1.5354605762
46.5940000000 0.0000000000 1.5788934194
46.6450000000 0.0000000000 1.4812262278
46.6960000000 0.0000000000 1.3899459173
46.7470000000 0.0000000000 1.3409815960
46.7980000000 0.0000000000 1.4408805327
46.8490000000 0.0000000000 1.5222905210
46.9000000000 1.0000000000 1.3816091989
46.9510000000 0.0000000000 1.3362308636
47.0020000000 0.0000000000 1.2695695318
47.0530000000 0.0000000000 1.4161373317
47.1030000000 1.0000000000 1.5081042158
47.1540000000 0.0000000000 1.5939740957
47.2050000000 0.0000000000 1.3680032388
47.2560000000 0.0000000000 1.2371902641
47.3070000000 0.0000000000 1.3697635777
47.3580000000 0.0000000000 1.5151663082
47.4090000000 1.0000000000 1.4342696013
47.4590000000 0.0000000000 1.3953152117
47.5100000000 0.0000000000 1.3130670574
47.5610000000 0.0000000000 1.2914487303
47.6120000000 0.0000000000 1.3961970470
47.6630000000 0.0000000000 1.4471615225
47.7140000000 0.0000000000 1.4546641977
47.8020000000 0.0000000000 1.4571704105
47.8530000000 0.0000000000 1.4726449205
47.9040000000 0.0000000000 1.5065865789
47.9550000000 0.0000000000 1.3556448412
48.0060000000 0.0000000000 1.2011944526
48.0570000000 0.0000000000 1.3388307180
48.1070000000 0.0000000000 1.4147894989
48.1580000000 1.0000000000 1.2629887145
48.2090000000 0.0000000000 1.2986220118
48.2600000000 0.0000000000 1.4609805249
48.3110000000 0.0000000000 1.5336353325
48.3630000000 0.0000000000 1.5073285265
48.4140000000 0.0000000000 1.4772471182
48.4650000000 0.0000000000 1.5323447387
48.5160000000 0.0000000000 1.4669427939
48.5670000000 0.0000000000 1.4623763822
48.6180000000 0.0000000000 1.4459399902
48.6690000000 0.0000000000 1.3068440780
48.7200000000 1.0000000000 1.3095451266
48.7710000000 0.0000000000 1.3908692593
48.8220000000 0.0000000000 1.3815384995
48.8730000000 0.0000000000 1.3571436834
48.9240000000 1.0000000000 1.3903080780
48.9820000000 0.0000000000 1.3563471629
49.0330000000 1.0000000000 1.4445455144
49.0840000000 0.0000000000 1.3881415566
49.1350000000 1.0000000000 1.4423264621
49.1860000000 0.0000000000 1.5254629983
49.2370000000 0.0000000000 1.5017093164
49.2890000000 0.0000000000 1.4392136799
49.3400000000 0.0000000000 1.4220742484
49.3910000000 1.0000000000 1.4190049145
49.4420000000 0.0000000000 1.3513029082
49.4930000000 0.0000000000 1.3138087496
49.5440000000 0.0000000000 1.4257299962
49.5950000000 0.0000000000 1.5202782600
49.6460000000 0.0000000000 1.4452049934
49.7310000000 1.0000000000 1.5689421234
49.7820000000 0.0000000000 1.5724259298
49.8350000000 0.0000000000 1.4061489598
49.8860000000 0.0000000000 1.2388626265
49.9370000000 0.0000000000 1.3403119252
49.9880000000 0.0000000000 1.3141626365
50.0400000000 1.0000000000 1.2337713630
50.0910000000 0.0000000000 1.3078662156
50.1420000000 0.0000000000 1.3264143848
50.1930000000 0.0000000000 1.2858934292
50.2440000000 0.0000000000 1.3511144975
50.2950000000 1.0000000000 1.3626357545
50.3460000000 0.0000000000 1.3271392221
50.3970000000 0.0000000000 1.3222570324
50.4480000000 0.0000000000 1.3058263126
50.4990000000 0.0000000000 1.2127103583
50.5500000000 0.0000000000 1.1927955873
50.6010000000 0.0000000000 1.2760129955
50.6520000000 0.0000000000 1.2655165212
50.7020000000 0.0000000000 1.2253452011
50.7530000000 0.0000000000 1.2837668114
50.8040000000 0.0000000000 1.2817294945
50.8550000000 0.0000000000 1.2289524354
50.9060000000 0.0000000000 1.2810507504
50.9570000000 0.0000000000 1.4291997300
51.0080000000 0.0000000000 1.3906828467
51.0590000000 0.0000000000 1.2230580902
51.1100000000 0.0000000000 1.1906868323
51.1620000000 0.0000000000 1.1543841814
51.2130000000 0.0000000000 1.1461164638
51.2640000000 0.0000000000 1.2843664542
51.3150000000 0.0000000000 1.3517392282
51.3660000000 1.0000000000 1.2191751983
51.4160000000 0.0000000000 1.2925690646
51.4670000000 0.0000000000 1.3577078578
51.5180000000 0.0000000000 1.4377227012
51.6060000000 0.0000000000 1.3361752609
51.6570000000 0.0000000000 1.4755452914
51.7070000000 0.0000000000 1.4306502017
51.7580000000 0.0000000000 1.3568917577
51.8090000000 1.0000000000 1.4297877989
51.8600000000 0.0000000000 1.3574437890
51.9110000000 0.0000000000 1.3463551418
51.9620000000 1.0000000000 1.4163805537
52.0130000000 0.0000000000 1.4264699284
52.0640000000 0.0000000000 1.4844773659
52.1150000000 0.0000000000 1.4281232787
52.1660000000 0.0000000000 1.3083797646
52.2170000000 1.0000000000 1.3575658794
52.2670000000 0.0000000000 1.4590859695
52.3180000000 0.0000000000 1.3399308230
52.3690000000 0.0000000000 1.2277025352
52.4200000000 0.0000000000 1.2615629244
52.4710000000 0.0000000000 1.3364396445
52.5220000000 0.0000000000 1.3135576101
52.5730000000 0.0000000000 1.3263246826
52.6240000000 0.0000000000 1.2515136659
52.6750000000 0.0000000000 1.1602145380
52.7260000000 0.0000000000 1.2705668612
52.7770000000 0.0000000000 1.3779808068
52.8280000000 0.0000000000 1.3197945996
52.8790000000 0.0000000000 1.2618396470
52.9300000000 0.0000000000 1.3105937008
52.9810000000 0.0000000000 1.3273584358
53.0320000000 0.0000000000 1.3410594700
53.0820000000 0.0000000000 1.3717898333
53.1330000000 0.0000000000 1.4660375956
53.1840000000 0.0000000000 1.4706413928
53.2340000000 0.0000000000 1.3651411770
53.2850000000 1.0000000000 1.4153751123
53.3360000000 0.0000000000 1.3622326743
53.3870000000 0.0000000000 1.3903118149
53.4380000000 0.0000000000 1.3170948466
53.5220000000 0.0000000000 1.3673171639
53.5730000000 0.0000000000 1.3465669830
53.6240000000 1.0000000000 1.3117824445
53.6750000000 0.0000000000 1.2988980392
53.7260000000 0.0000000000 1.2813548917
53.7780000000 0.0000000000 1.2914282127
53.8290000000 0.0000000000 1.2781529209
53.8800000000 0.0000000000 1.2229531600
53.9310000000 1.0000000000 1.3360831032
53.9810000000 0.0000000000 1.3300264178
54.0320000000 0.0000000000 1.3532972976
54.0830000000 0.0000000000 1.4421564280
54.1340000000 0.0000000000 1.4065150750
54.1850000000 0.0000000000 1.3577445937
54.2360000000 0.0000000000 1.3702463454
54.2870000000 0.0000000000 1.2959791802
54.3380000000 0.0000000000 1.1804563033
54.3890000000 0.0000000000 1.1851703778
54.4400000000 0.0000000000 1.2195616581
54.4910000000 0.0000000000 1.2894102542
54.5420000000 1.0000000000 1.4747433170
54.5940000000 0.0000000000 1.4974182715
54.6450000000 0.0000000000 1.4596285390
54.6960000000 0.0000000000 1.4100659916
54.7470000000 0.0000000000 1.4068714932
54.7970000000 0.0000000000 1.4025681234
54.8480000000 0.0000000000 1.4145338825
54.8990000000 0.0000000000 1.2942890946
54.9500000000 1.0000000000 1.4255798498
55.0010000000 0.0000000000 1.4875181341
55.0520000000 0.0000000000 1.4491186367
55.1030000000 0.0000000000 1.3795548090
55.1540000000 0.0000000000 1.3017967842
55.2050000000 1.0000000000 1.2508459399
55.2560000000 0.0000000000 1.3066452803
55.3070000000 0.0000000000 1.3270374320
55.3580000000 0.0000000000 1.1838338789
55.4440000000 0.0000000000 1.4174864486
55.4950000000 0.0000000000 1.5489151562
55.5460000000 0.0000000000 1.4632192228
55.5970000000 0.0000000000 1.3048790267
55.6480000000 1.0000000000 1.2671732305
55.6990000000 0.0000000000 1.3051242726
55.7500000000 0.0000000000 1.4839036178
55.8010000000 0.0000000000 1.3858156949
55.8520000000 0.0000000000 1.1614556510
55.9030000000 0.0000000000 1.1846902539
55.9540000000 0.0000000000 1.3836023359
56.0050000000 0.0000000000 1.4727528746
56.0560000000 1.0000000000 1.4885359277
56.1080000000 1.0000000000 1.4975473379
56.1590000000 0.0000000000 1.3424240498
56.2100000000 0.0000000000 1.3524251381
56.2610000000 0.0000000000 1.3930140089
56.3120000000 0.0000000000 1.3600924832
56.3630000000 0.0000000000 1.3053392229
56.4140000000 0.0000000000 1.3181279551
56.4660000000 0.0000000000 1.2893816451
56.5190000000 0.0000000000 1.2038079980
56.5700000000 0.0000000000 1.1567724912
56.6210000000 0.0000000000 1.1727716885
56.6740000000 0.0000000000 1.1265579847
56.7250000000 0.0000000000 1.1198916125
56.7760000000 0.0000000000 1.1421225707
56.8270000000 0.0000000000 1.1891953284
56.8780000000 0.0000000000 1.2012377050
56.9290000000 0.0000000000 1.1843257560
56.9800000000 0.0000000000 1.2309901544
57.0310000000 0.0000000000 1.3407692597
57.0820000000 0.0000000000 1.3083797646
57.1330000000 0.0000000000 1.3413155313
57.1850000000 0.0000000000 1.3821551171
57.2710000000 1.0000000000 1.2686066399
57.3220000000 0.0000000000 1.2758419722
57.3720000000 0.0000000000 1.3173721305
57.4230000000 0.0000000000 1.3401211938
57.4730000000 0.0000000000 1.2579521431
57.5240000000 1.0000000000 1.2277761687
57.5750000000 0.0000000000 1.3079794282
57.6260000000 0.0000000000 1.3857500842
57.6770000000 0.0000000000 1.3490845319
57.7280000000 0.0000000000 1.2847357304
57.7790000000 0.0000000000 1.3157813927
57.8300000000 0.0000000000 1.3861699391
57.8810000000 0.0000000000 1.3507275964
57.9320000000 0.0000000000 1.3293828854
57.9830000000 0.0000000000 1.3828420962
58.0340000000 0.0000000000 1.2937065008
58.0850000000 0.0000000000 1.3950087281
58.1360000000 0.0000000000 1.3599916315
58.1870000000 0.0000000000 1.2534977161
58.2370000000 0.0000000000 1.3055016063
58.2880000000 0.0000000000 1.2595660042
58.3390000000 0.0000000000 1.3103982474
58.3890000000 0.0000000000 1.3176517218
58.4400000000 0.0000000000 1.2141977949
58.4910000000 0.0000000000 1.2719396696
58.5420000000 0.0000000000 1.3712469874
58.5930000000 0.0000000000 1.2995122896
58.6440000000 0.0000000000 1.2838845771
58.6950000000 0.0000000000 1.2749914016
58.7460000000 0.0000000000 1.2676827723
58.7970000000 0.0000000000 1.2085376022
58.8480000000 0.0000000000 1.2355450739
58.8990000000 0.0000000000 1.2480603190
58.9500000000 0.0000000000 1.2103749064
59.0010000000 0.0000000000 1.2857689781
59.0520000000 0.0000000000 1.3756558946
59.1020000000 0.0000000000 1.2228176296
59.1890000000 0.0000000000 1.3232656941
59.2390000000 0.0000000000 1.1727716885
59.2900000000 0.0000000000 1.3455584129
59.3410000000 0.0000000000 1.4330374425
59.3920000000 0.0000000000 1.2787320370
59.4430000000 0.0000000000 1.2684940091
59.4940000000 0.0000000000 1.4540293764
59.5440000000 0.0000000000 1.3966293858
59.5950000000 1.0000000000 1.2345333399
59.6460000000 0.0000000000 1.3393618759
59.6970000000 1.0000000000 1.3464959871
59.7480000000 0.0000000000 1.2115281857
59.7990000000 0.0000000000 1.2214840415
59.8500000000 0.0000000000 1.2632782857
59.9010000000 0.0000000000 1.2677471166
59.9520000000 0.0000000000 1.2405356661
60.0030000000 1.0000000000 1.1936490149
60.0540000000 0.0000000000 1.2178649251
60.1040000000 0.0000000000 1.2587316776
60.1550000000 0.0000000000 1.1992638064
60.2060000000 0.0000000000 1.1706543802
60.2570000000 0.0000000000 1.2675307101
60.3080000000 0.0000000000 1.2689334172
60.3590000000 0.0000000000 1.2498840038
60.4100000000 0.0000000000 1.2691921586
60.4610000000 1.0000000000 1.2498840038
60.5120000000 0.0000000000 1.1660081668
60.5630000000 0.0000000000 1.2122565712
60.6140000000 0.0000000000 1.2050486212
60.6640000000 1.0000000000 1.2603944196
60.7150000000 0.0000000000 1.3198217621
60.7660000000 0.0000000000 1.3346703886
60.8170000000 1.0000000000 1.4675592843
60.8680000000 0.0000000000 1.3603151711
60.9180000000 0.0000000000 1.3101857132
60.9690000000 0.0000000000 1.4345622646
61.0200000000 0.0000000000 1.3728631493
61.1080000000 0.0000000000 1.4077604832
61.1590000000 0.0000000000 1.4299829204
61.2100000000 0.0000000000 1.4222269567
61.2610000000 0.0000000000 1.3995421373
61.3120000000 0.0000000000 1.3797046920
61.3630000000 0.0000000000 1.4735485280
61.4140000000 0.0000000000 1.2843486550
61.4650000000 0.0000000000 1.3065534256
61.5160000000 0.0000000000 1.4049912459
61.5670000000 0.0000000000 1.2755389604
61.6180000000 0.0000000000 1.2088664343
61.6690000000 1.0000000000 1.2591885213
61.7200000000 0.0000000000 1.2745361458
61.7710000000 0.0000000000 1.3516546661
61.8220000000 0.0000000000 1.2660246779
61.8730000000 0.0000000000 1.2345455446
61.9240000000 1.0000000000 1.3490980110
61.9750000000 0.0000000000 1.2963591758
62.0260000000 0.0000000000 1.3416501580
62.0770000000 0.0000000000 1.3329061903
62.1280000000 0.0000000000 1.2798797406
62.1790000000 0.0000000000 1.3019248911
62.2300000000 0.0000000000 1.3151620992
62.2820000000 0.0000000000 1.3266505584
62.3330000000 0.0000000000 1.3751610469
62.3840000000 0.0000000000 1.2797165420
62.4350000000 0.0000000000 1.2109688451
62.4860000000 0.0000000000 1.2504558529
62.5370000000 0.0000000000 1.2292567870
62.5880000000 0.0000000000 1.2097944188
62.6460000000 0.0000000000 1.0812554063
62.6970000000 0.0000000000 1.1216647555
62.7480000000 0.0000000000 1.2948144488
62.7990000000 0.0000000000 1.3117178838
62.8510000000 0.0000000000 1.3153801490
62.9020000000 0.0000000000 1.4095412042
62.9530000000 0.0000000000 1.4602082673
63.0380000000 0.0000000000 1.3204125074
63.0890000000 0.0000000000 1.2387363863
63.1400000000 0.0000000000 1.3079873726
63.1920000000 0.0000000000 1.3095213217
63.2430000000 0.0000000000 1.3085735343
63.2940000000 0.0000000000 1.3101861098
63.3460000000 0.0000000000 1.4243638835
63.3990000000 0.0000000000 1.5879574412
63.4510000000 0.0000000000 1.5177578127
63.5020000000 0.0000000000 1.4259570078
63.5550000000 0.0000000000 1.3351109766
63.6070000000 0.0000000000 1.3212676554
63.6580000000 0.0000000000 1.4116358706
63.7100000000 0.0000000000 1.3686927658
63.7610000000 0.0000000000 1.4941100983
63.8120000000 0.0000000000 1.5222905210
63.8640000000 0.0000000000 1.6166057964
63.9150000000 1.0000000000 1.5304149549
63.9660000000 0.0000000000 1.4728706979
64.0180000000 1.0000000000 1.3211646264
64.0690000000 0.0000000000 1.4681518058
64.1200000000 0.0000000000 1.4734071334
64.1720000000 0.0000000000 1.4172617461
64.2230000000 0.0000000000 1.4773118306
64.2740000000 0.0000000000 1.2840031413
64.3250000000 0.0000000000 1.3502886409
64.3760000000 0.0000000000 1.4601182448
64.4270000000 0.0000000000 1.3976189452
64.4790000000 1.0000000000 1.5140727378
64.5300000000 0.0000000000 1.4830262889
64.5820000000 0.0000000000 1.4680474063
64.6330000000 0.0000000000 1.4449935902
64.6840000000 0.0000000000 1.2847794056
64.7360000000 0.0000000000 1.3123546386
64.7870000000 0.0000000000 1.2989584374
64.8620000000 0.0000000000 1.2251399642
64.9130000000 0.0000000000 1.3046130262
64.9640000000 0.0000000000 1.4089332533
65.0150000000 0.0000000000 1.3252136747
65.0660000000 0.0000000000 1.1976129351
65.1170000000 0.0000000000 1.2211415885
65.1680000000 0.0000000000 1.2078964447
65.2190000000 0.0000000000 1.1917824381
65.2700000000 0.0000000000 1.2017034354
65.3210000000 0.0000000000 1.2194645221
65.3730000000 0.0000000000 1.2257996528
65.4240000000 0.0000000000 1.1844231419
65.4750000000 0.0000000000 1.1393073425
65.5270000000 0.0000000000 1.3734855531
65.5780000000 1.0000000000 1.4812104435
65.6290000000 0.0000000000 1.2792353502
65.6810000000 0.0000000000 1.3993650482
65.7320000000 1.0000000000 1.4179936395
65.7830000000 0.0000000000 1.3401126645
65.8340000000 0.0000000000 1.3571949816
65.8860000000 0.0000000000 1.3979609072
65.9360000000 0.0000000000 1.2986304135
65.9880000000 0.0000000000 1.2215129648
66.0390000000 0.0000000000 1.2558683989
66.0900000000 1.0000000000 1.2324104217
66.1410000000 0.0000000000 1.2736361603
66.1920000000 0.0000000000 1.3471247880
66.2430000000 0.0000000000 1.4811364304
66.2950000000 0.0000000000 1.5373448241
66.3460000000 0.0000000000 1.4941100983
66.3970000000 0.0000000000 1.3105937008
66.4490000000 0.0000000000 1.2122462851
66.5000000000 0.0000000000 1.3587548249
66.5510000000 0.0000000000 1.3823986805
66.6020000000 0.0000000000 1.4727422912
66.6540000000 0.0000000000 1.4902323327
66.7050000000 0.0000000000 1.4317824511
66.7890000000 1.0000000000 1.6078642272
66.8390000000 1.0000000000 1.3610883751
66.8910000000 0.0000000000 1.2298538581
66.9420000000 0.0000000000 1.3724585301
66.9930000000 0.0000000000 1.5102056350
67.0440000000 0.0000000000 1.4690624211
67.0950000000 0.0000000000 1.5122653122
67.1470000000 0.0000000000 1.5144683392
67.1980000000 1.0000000000 1.4032136371
67.2490000000 0.0000000000 1.3953226588
67.3010000000 0.0000000000 1.3286885996
67.3520000000 0.0000000000 1.2807161116
67.4030000000 0.0000000000 1.3069943489
67.4550000000 0.0000000000 1.3636880820
67.5060000000 0.0000000000 1.3999574849
67.5580000000 0.0000000000 1.4431806522
67.6090000000 0.0000000000 1.4524080207
67.6600000000 0.0000000000 1.4795749796
67.7130000000 0.0000000000 1.4674056286
67.7640000000 0.0000000000 1.4493484375
67.8140000000 0.0000000000 1.4349605964
67.8650000000 0.0000000000 1.4286656060
67.9160000000 0.0000000000 1.4385969604
67.9670000000 0.0000000000 1.4402183521
68.0180000000 0.0000000000 1.4717711176
68.0700000000 0.0000000000 1.4546813415
68.1210000000 2.0000000000 1.3985301628
68.1720000000 0.0000000000 1.4589175326
68.2230000000 0.0000000000 1.5149797574
68.2740000000 0.0000000000 1.4888887633
68.3250000000 1.0000000000 1.5487809777
68.3760000000 0.0000000000 1.4913409462
68.4270000000 1.0000000000 1.5246719461
68.4780000000 0.0000000000 1.4787976763
68.5290000000 0.0000000000 1.4269888542
68.5800000000 0.0000000000 1.4601666370
68.6310000000 0.0000000000 1.4188914063
68.7170000000 0.0000000000 1.4570990986
68.7680000000 0.0000000000 1.4922172165
68.8190000000 1.0000000000 1.4201874226
68.8700000000 0.0000000000 1.3486026644
68.9210000000 0.0000000000 1.4499656005
68.9720000000 0.0000000000 1.4133267934
69.0230000000 0.0000000000 1.3054637983
69.0740000000 0.0000000000 1.3448071874
69.1250000000 2.0000000000 1.3989120139
69.1760000000 0.0000000000 1.4612920158
69.2270000000 1.0000000000 1.4554183353
69.2780000000 0.0000000000 1.4488522228
69.3290000000 0.0000000000 1.5325498557
69.3800000000 1.0000000000 1.4968161618
69.4310000000 0.0000000000 1.6359792408
69.4820000000 0.0000000000 1.8382359405
69.5330000000 0.0000000000 2.0075714392
69.5840000000 0.0000000000 1.7432518981
69.6350000000 0.0000000000 1.6297937773
69.6860000000 3.0000000000 1.2359436504
69.7370000000 0.0000000000 1.1349686435
69.7880000000 0.0000000000 1.3563042600
69.8390000000 0.0000000000 1.4529570173
69.8910000000 0.0000000000 1.4672416878
69.9420000000 1.0000000000 1.0644945182
69.9930000000 2.0000000000 1.0253291550
70.0440000000 0.0000000000 1.7062335406
70.0950000000 2.0000000000 1.9993759164
70.1460000000 0.0000000000 1.9777798688
70.1970000000 0.0000000000 1.6366698332
70.2500000000 0.0000000000 1.8263524484
70.3010000000 0.0000000000 2.0066550850
70.3630000000 0.0000000000 1.9856213092
70.4140000000 2.0000000000 1.8392110660
70.4650000000 0.0000000000 1.8788658334
70.5520000000 0.0000000000 1.9995305265
70.6030000000 3.0000000000 0.9801661883
70.6540000000 1.0000000000 0.9251487603
70.7050000000 1.0000000000 1.1127782572
70.7560000000 0.0000000000 1.5952571697
70.8060000000 0.0000000000 2.1252747011
70.8570000000 56.0000000000 1.4396785723
70.9080000000 1.0000000000 2.0523138584
70.9590000000 0.0000000000 2.3435536169
71.0100000000 14.0000000000 2.2598441179
71.0610000000 0.0000000000 2.2840615804
71.1120000000 15.0000000000 1.0041913036
71.1630000000 0.0000000000 1.0011963404
71.2130000000 0.0000000000 0.1198700477
71.2640000000 6.0000000000 0.0934544211
71.3150000000 0.0000000000 0.0797781643
71.3660000000 0.0000000000 0.5358599481
71.4170000000 0.0000000000 2.0513941898
71.4680000000 24.0000000000 1.6533473216
71.5190000000 18.0000000000 2.0141445007
71.5700000000 0.0000000000 1.4971725983
71.6210000000 17.0000000000 0.8179893028
71.6710000000 0.0000000000 0.8207305141
71.7220000000 1.0000000000 1.1593602500
71.7730000000 5.0000000000 0.8821515425
71.8240000000 0.0000000000 0.9780223657
71.8750000000 0.0000000000 0.9502795331
71.9260000000 1.0000000000 0.9915941110
71.9770000000 0.0000000000 1.1476834206
72.0270000000 0.0000000000 0.9895454073
72.0780000000 0.0000000000 0.9545362093
72.1290000000 0.0000000000 0.9908639661
72.1800000000 0.0000000000 0.9993394267
72.2310000000 0.0000000000 0.9894750488
72.2820000000 0.0000000000 0.9924687383
72.3330000000 0.0000000000 1.0009685021
72.4140000000 0.0000000000 0.9982147723
72.4730000000 0.0000000000 0.9949877556
72.5240000000 0.0000000000 0.9978618212
72.5750000000 0.0000000000 0.9943269876
72.6260000000 0.0000000000 0.9937849869
72.6770000000 0.0000000000 0.9995317708
72.7280000000 0.0000000000 0.9944440252
72.7780000000 0.0000000000 0.9964247818
72.8290000000 0.0000000000 0.9958807925
72.8800000000 0.0000000000 0.9943269876
72.9310000000 0.0000000000 0.9942120266
72.9810000000 0.0000000000 0.9951036712
73.0320000000 0.0000000000 0.9919995731
73.0830000000 0.0000000000 0.9951036712
73.1340000000 0.0000000000 0.9979774030
73.1850000000 0.0000000000 0.9951036712
73.2360000000 0.0000000000 0.9930072718
73.2870000000 0.0000000000 0.9947621514
73.3380000000 0.0000000000 1.0008511893
73.3890000000 0.0000000000 0.9987543691
73.4400000000 0.0000000000 0.9980950536
73.4910000000 0.0000000000 0.9930072718
73.5420000000 0.0000000000 0.9957639239
73.5930000000 0.0000000000 0.9972008736
73.6440000000 0.0000000000 0.9946843270
73.6950000000 0.0000000000 0.9911135233
73.7450000000 0.0000000000 0.9944440252
73.7960000000 0.0000000000 0.9961995030
73.8470000000 0.0000000000 0.9965405303
73.8970000000 0.0000000000 0.9940991429
73.9480000000 0.0000000000 0.9927749375
73.9990000000 0.0000000000 0.9965405303
74.0500000000 0.0000000000 0.9956491288
74.1010000000 0.0000000000 0.9948739154
74.1520000000 0.0000000000 0.9973175739
74.2030000000 1.0000000000 0.9952216616
74.2540000000 0.0000000000 0.9985233720
74.3410000000 0.0000000000 0.9916899911
74.3920000000 0.0000000000 0.9968631994
74.4430000000 0.0000000000 0.9948739154
74.4940000000 0.0000000000 0.9933248121
74.5450000000 0.0000000000 0.9911135233
74.5960000000 0.0000000000 0.9958771406
74.6470000000 0.0000000000 0.9905624212
74.6980000000 0.0000000000 0.9904501707
74.7490000000 0.0000000000 0.9946524642
74.8000000000 0.0000000000 0.9943269876
74.8510000000 0.0000000000 0.9936668259
74.9020000000 0.0000000000 0.9958807925
74.9530000000 0.0000000000 0.9946843270
