# START
0.000000 0.000000
0.051000 0.000000
0.101000 0.000000

0.051000 0.000000
0.101000 0.000000
0.152000 0.000000

0.101000 0.000000
0.152000 0.000000
0.203000 0.000000

0.152000 0.000000
0.203000 0.000000
0.290000 0.000000

0.203000 0.000000
0.290000 0.000000
0.341000 0.000000

0.290000 0.000000
0.341000 0.000000
0.391000 0.000000

0.341000 0.000000
0.391000 0.000000
0.442000 0.000000

0.391000 0.000000
0.442000 0.000000
0.493000 0.000000

0.442000 0.000000
0.493000 0.000000
0.544000 0.000000

0.493000 0.000000
0.544000 0.000000
0.595000 0.000000

0.544000 0.000000
0.595000 0.000000
0.646000 0.000000

0.595000 0.000000
0.646000 0.000000
0.697000 0.000000

0.646000 0.000000
0.697000 0.000000
0.748000 0.000000

0.697000 0.000000
0.748000 0.000000
0.799000 0.000000

0.748000 0.000000
0.799000 0.000000
0.850000 0.000000

0.799000 0.000000
0.850000 0.000000
0.901000 0.000000

0.850000 0.000000
0.901000 0.000000
0.952000 0.577350

0.901000 0.000000
0.952000 0.577350
1.003000 0.000000

0.952000 0.577350
1.003000 0.000000
1.054000 0.000000

1.003000 0.000000
1.054000 0.000000
1.105000 0.000000

1.054000 0.000000
1.105000 0.000000
1.155000 0.000000

1.105000 0.000000
1.155000 0.000000
1.206000 0.000000

1.155000 0.000000
1.206000 0.000000
1.257000 0.000000

1.206000 0.000000
1.257000 0.000000
1.308000 0.000000

1.257000 0.000000
1.308000 0.000000
1.360000 0.000000

1.308000 0.000000
1.360000 0.000000
1.411000 0.577350

1.360000 0.000000
1.411000 0.577350
1.462000 0.000000

1.411000 0.577350
1.462000 0.000000
1.513000 0.000000

1.462000 0.000000
1.513000 0.000000
1.564000 0.000000

1.513000 0.000000
1.564000 0.000000
1.615000 0.000000

1.564000 0.000000
1.615000 0.000000
1.666000 0.000000

1.615000 0.000000
1.666000 0.000000
1.717000 0.000000

1.666000 0.000000
1.717000 0.000000
1.768000 0.000000

1.717000 0.000000
1.768000 0.000000
1.821000 0.000000

1.768000 0.000000
1.821000 0.000000
1.872000 0.000000

1.821000 0.000000
1.872000 0.000000
1.923000 0.000000

1.872000 0.000000
1.923000 0.000000
1.976000 0.000000

1.923000 0.000000
1.976000 0.000000
2.027000 0.000000

1.976000 0.000000
2.027000 0.000000
2.112000 0.000000

2.027000 0.000000
2.112000 0.000000
2.163000 0.000000

2.112000 0.000000
2.163000 0.000000
2.214000 0.577350

2.163000 0.000000
2.214000 0.577350
2.265000 0.000000

2.214000 0.577350
2.265000 0.000000
2.316000 0.000000

2.265000 0.000000
2.316000 0.000000
2.367000 0.000000

2.316000 0.000000
2.367000 0.000000
2.418000 0.000000

2.367000 0.000000
2.418000 0.000000
2.469000 0.000000

2.418000 0.000000
2.469000 0.000000
2.520000 0.000000

2.469000 0.000000
2.520000 0.000000
2.572000 0.000000

2.520000 0.000000
2.572000 0.000000
2.623000 0.577350

2.572000 0.000000
2.623000 0.577350
2.674000 0.000000

2.623000 0.577350
2.674000 0.000000
2.724000 0.000000

2.674000 0.000000
2.724000 0.000000
2.776000 0.000000

2.724000 0.000000
2.776000 0.000000
2.827000 0.000000

2.776000 0.000000
2.827000 0.000000
2.877000 0.816497

2.827000 0.000000
2.877000 0.816497
2.928000 0.000000

2.877000 0.816497
2.928000 0.000000
2.979000 0.000000

2.928000 0.000000
2.979000 0.000000
3.031000 0.000000

2.979000 0.000000
3.031000 0.000000
3.082000 0.000000

3.031000 0.000000
3.082000 0.000000
3.133000 0.000000

3.082000 0.000000
3.133000 0.000000
3.184000 0.000000

3.133000 0.000000
3.184000 0.000000
3.235000 0.000000

3.184000 0.000000
3.235000 0.000000
3.286000 0.577350

3.235000 0.000000
3.286000 0.577350
3.337000 0.000000

3.286000 0.577350
3.337000 0.000000
3.388000 16.743158

3.337000 0.000000
3.388000 16.743158
3.440000 7.505553

3.388000 16.743158
3.440000 7.505553
3.491000 0.000000

3.440000 7.505553
3.491000 0.000000
3.541000 0.577350

3.491000 0.000000
3.541000 0.577350
3.592000 0.000000

3.541000 0.577350
3.592000 0.000000
3.643000 0.000000

3.592000 0.000000
3.643000 0.000000
3.694000 0.000000

3.643000 0.000000
3.694000 0.000000
3.745000 0.000000

3.694000 0.000000
3.745000 0.000000
3.796000 0.577350

3.745000 0.000000
3.796000 0.577350
3.847000 0.000000

3.796000 0.577350
3.847000 0.000000
3.899000 0.816497

3.847000 0.000000
3.899000 0.816497
3.950000 0.000000

3.899000 0.816497
3.950000 0.000000
4.037000 0.000000

3.950000 0.000000
4.037000 0.000000
4.088000 0.000000

4.037000 0.000000
4.088000 0.000000
4.139000 0.000000

4.088000 0.000000
4.139000 0.000000
4.190000 0.000000

4.139000 0.000000
4.190000 0.000000
4.241000 0.577350

4.190000 0.000000
4.241000 0.577350
4.292000 0.000000

4.241000 0.577350
4.292000 0.000000
4.344000 0.000000

4.292000 0.000000
4.344000 0.000000
4.394000 0.000000

4.344000 0.000000
4.394000 0.000000
4.445000 0.000000

4.394000 0.000000
4.445000 0.000000
4.496000 8.082904

4.445000 0.000000
4.496000 8.082904
4.547000 0.000000

4.496000 8.082904
4.547000 0.000000
4.598000 1.732051

4.547000 0.000000
4.598000 1.732051
4.649000 0.000000

4.598000 1.732051
4.649000 0.000000
4.700000 1.732051

4.649000 0.000000
4.700000 1.732051
4.752000 0.000000

4.700000 1.732051
4.752000 0.000000
4.803000 0.000000

4.752000 0.000000
4.803000 0.000000
4.854000 0.000000

4.803000 0.000000
4.854000 0.000000
4.905000 1.154701

4.854000 0.000000
4.905000 1.154701
4.956000 0.000000

4.905000 1.154701
4.956000 0.000000
5.007000 0.000000

4.956000 0.000000
5.007000 0.000000
5.058000 2.886751

5.007000 0.000000
5.058000 2.886751
5.109000 0.577350

5.058000 2.886751
5.109000 0.577350
5.160000 0.000000

5.109000 0.577350
5.160000 0.000000
5.211000 3.464102

5.160000 0.000000
5.211000 3.464102
5.262000 2.886751

5.211000 3.464102
5.262000 2.886751
5.313000 0.000000

5.262000 2.886751
5.313000 0.000000
5.364000 0.000000

5.313000 0.000000
5.364000 0.000000
5.415000 0.000000

5.364000 0.000000
5.415000 0.000000
5.466000 0.000000

5.415000 0.000000
5.466000 0.000000
5.517000 4.041452

5.466000 0.000000
5.517000 4.041452
5.568000 0.000000

5.517000 4.041452
5.568000 0.000000
5.620000 0.000000

5.568000 0.000000
5.620000 0.000000
5.671000 0.000000

5.620000 0.000000
5.671000 0.000000
5.722000 0.000000

5.671000 0.000000
5.722000 0.000000
5.773000 0.000000

5.722000 0.000000
5.773000 0.000000
5.824000 0.000000

5.773000 0.000000
5.824000 0.000000
5.875000 0.000000

5.824000 0.000000
5.875000 0.000000
5.961000 0.000000

5.875000 0.000000
5.961000 0.000000
6.012000 0.000000

5.961000 0.000000
6.012000 0.000000
6.063000 0.000000

6.012000 0.000000
6.063000 0.000000
6.114000 0.000000

6.063000 0.000000
6.114000 0.000000
6.164000 2.886751

6.114000 0.000000
6.164000 2.886751
6.215000 0.000000

6.164000 2.886751
6.215000 0.000000
6.266000 0.000000

6.215000 0.000000
6.266000 0.000000
6.317000 0.000000

6.266000 0.000000
6.317000 0.000000
6.368000 0.000000

6.317000 0.000000
6.368000 0.000000
6.419000 0.000000

6.368000 0.000000
6.419000 0.000000
6.470000 0.000000

6.419000 0.000000
6.470000 0.000000
6.521000 0.577350

6.470000 0.000000
6.521000 0.577350
6.572000 0.577350

6.521000 0.577350
6.572000 0.577350
6.623000 0.577350

6.572000 0.577350
6.623000 0.577350
6.674000 0.000000

6.623000 0.577350
6.674000 0.000000
6.725000 0.000000

6.674000 0.000000
6.725000 0.000000
6.776000 2.309401

6.725000 0.000000
6.776000 2.309401
6.826000 0.000000

6.776000 2.309401
6.826000 0.000000
6.877000 0.577350

6.826000 0.000000
6.877000 0.577350
6.929000 0.000000

6.877000 0.577350
6.929000 0.000000
6.979000 0.000000

6.929000 0.000000
6.979000 0.000000
7.030000 0.000000

6.979000 0.000000
7.030000 0.000000
7.081000 0.000000

7.030000 0.000000
7.081000 0.000000
7.132000 1.732051

7.081000 0.000000
7.132000 1.732051
7.183000 0.000000

7.132000 1.732051
7.183000 0.000000
7.234000 0.000000

7.183000 0.000000
7.234000 0.000000
7.285000 0.000000

7.234000 0.000000
7.285000 0.000000
7.336000 0.000000

7.285000 0.000000
7.336000 0.000000
7.387000 0.000000

7.336000 0.000000
7.387000 0.000000
7.438000 0.577350

7.387000 0.000000
7.438000 0.577350
7.489000 0.577350

7.438000 0.577350
7.489000 0.577350
7.540000 0.000000

7.489000 0.577350
7.540000 0.000000
7.591000 0.000000

7.540000 0.000000
7.591000 0.000000
7.641000 0.000000

7.591000 0.000000
7.641000 0.000000
7.692000 0.000000

7.641000 0.000000
7.692000 0.000000
7.743000 0.577350

7.692000 0.000000
7.743000 0.577350
7.801000 1.154701

7.743000 0.577350
7.801000 1.154701
7.885000 0.000000

7.801000 1.154701
7.885000 0.000000
7.936000 1.732051

7.885000 0.000000
7.936000 1.732051
7.987000 0.000000

7.936000 1.732051
7.987000 0.000000
8.038000 0.000000

7.987000 0.000000
8.038000 0.000000
8.089000 0.000000

8.038000 0.000000
8.089000 0.000000
8.140000 1.732051

8.089000 0.000000
8.140000 1.732051
8.191000 0.000000

8.140000 1.732051
8.191000 0.000000
8.242000 1.732051

8.191000 0.000000
8.242000 1.732051
8.293000 0.000000

8.242000 1.732051
8.293000 0.000000
8.345000 0.000000

8.293000 0.000000
8.345000 0.000000
8.396000 0.577350

8.345000 0.000000
8.396000 0.577350
8.447000 0.577350

8.396000 0.577350
8.447000 0.577350
8.503000 0.000000

8.447000 0.577350
8.503000 0.000000
8.554000 0.577350

8.503000 0.000000
8.554000 0.577350
8.605000 1.154701

8.554000 0.577350
8.605000 1.154701
8.658000 0.577350

8.605000 1.154701
8.658000 0.577350
8.709000 1.732051

8.658000 0.577350
8.709000 1.732051
8.760000 0.000000

8.709000 1.732051
8.760000 0.000000
8.812000 0.000000

8.760000 0.000000
8.812000 0.000000
8.863000 0.000000

8.812000 0.000000
8.863000 0.000000
8.914000 0.000000

8.863000 0.000000
8.914000 0.000000
8.965000 0.000000

8.914000 0.000000
8.965000 0.000000
9.016000 0.000000

8.965000 0.000000
9.016000 0.000000
9.067000 0.000000

9.016000 0.000000
9.067000 0.000000
9.118000 0.000000

9.067000 0.000000
9.118000 0.000000
9.169000 0.000000

9.118000 0.000000
9.169000 0.000000
9.220000 0.000000

9.169000 0.000000
9.220000 0.000000
9.271000 0.577350

9.220000 0.000000
9.271000 0.577350
9.322000 0.000000

9.271000 0.577350
9.322000 0.000000
9.373000 0.000000

9.322000 0.000000
9.373000 0.000000
9.424000 0.816497

9.373000 0.000000
9.424000 0.816497
9.475000 0.000000

9.424000 0.816497
9.475000 0.000000
9.526000 0.000000

9.475000 0.000000
9.526000 0.000000
9.577000 0.000000

9.526000 0.000000
9.577000 0.000000
9.629000 0.000000

9.577000 0.000000
9.629000 0.000000
9.680000 0.000000

9.629000 0.000000
9.680000 0.000000
9.766000 0.000000

9.680000 0.000000
9.766000 0.000000
9.817000 0.577350

9.766000 0.000000
9.817000 0.577350
9.868000 0.000000

9.817000 0.577350
9.868000 0.000000
9.919000 0.577350

9.868000 0.000000
9.919000 0.577350
9.970000 0.000000

9.919000 0.577350
9.970000 0.000000
10.021000 0.577350

9.970000 0.000000
10.021000 0.577350
10.072000 0.000000

10.021000 0.577350
10.072000 0.000000
10.123000 0.577350

10.072000 0.000000
10.123000 0.577350
10.174000 0.000000

10.123000 0.577350
10.174000 0.000000
10.225000 0.816497

10.174000 0.000000
10.225000 0.816497
10.276000 0.000000

10.225000 0.816497
10.276000 0.000000
10.326000 0.000000

10.276000 0.000000
10.326000 0.000000
10.377000 0.000000

10.326000 0.000000
10.377000 0.000000
10.428000 0.000000

10.377000 0.000000
10.428000 0.000000
10.479000 0.000000

10.428000 0.000000
10.479000 0.000000
10.530000 0.000000

10.479000 0.000000
10.530000 0.000000
10.581000 0.000000

10.530000 0.000000
10.581000 0.000000
10.633000 2.886751

10.581000 0.000000
10.633000 2.886751
10.684000 0.000000

10.633000 2.886751
10.684000 0.000000
10.735000 0.000000

10.684000 0.000000
10.735000 0.000000
10.786000 0.000000

10.735000 0.000000
10.786000 0.000000
10.837000 0.000000

10.786000 0.000000
10.837000 0.000000
10.888000 0.000000

10.837000 0.000000
10.888000 0.000000
10.939000 186.484131

10.888000 0.000000
10.939000 186.484131
10.989000 572.154114

10.939000 186.484131
10.989000 572.154114
11.041000 0.000000

10.989000 572.154114
11.041000 0.000000
11.092000 91.221344

11.041000 0.000000
11.092000 91.221344
11.142000 64.663231

11.092000 91.221344
11.142000 64.663231
11.193000 0.000000

11.142000 64.663231
11.193000 0.000000
11.244000 39.042713

11.193000 0.000000
11.244000 39.042713
11.295000 6.350853

11.244000 39.042713
11.295000 6.350853
11.346000 0.577350

11.295000 6.350853
11.346000 0.577350
11.397000 4.203173

11.346000 0.577350
11.397000 4.203173
11.448000 1.154701

11.397000 4.203173
11.448000 1.154701
11.499000 0.577350

11.448000 1.154701
11.499000 0.577350
11.550000 5.773502

11.499000 0.577350
11.550000 5.773502
11.631000 0.000000

11.550000 5.773502
11.631000 0.000000
11.686000 0.000000

11.631000 0.000000
11.686000 0.000000
11.737000 2.309401

11.686000 0.000000
11.737000 2.309401
11.788000 0.000000

11.737000 2.309401
11.788000 0.000000
11.839000 0.577350

11.788000 0.000000
11.839000 0.577350
11.889000 1.154701

11.839000 0.577350
11.889000 1.154701
11.941000 0.000000

11.889000 1.154701
11.941000 0.000000
11.991000 0.577350

11.941000 0.000000
11.991000 0.577350
12.042000 1.732051

11.991000 0.577350
12.042000 1.732051
12.093000 0.000000

12.042000 1.732051
12.093000 0.000000
12.144000 0.000000

12.093000 0.000000
12.144000 0.000000
12.195000 0.000000

12.144000 0.000000
12.195000 0.000000
12.246000 0.000000

12.195000 0.000000
12.246000 0.000000
12.297000 0.000000

12.246000 0.000000
12.297000 0.000000
12.349000 0.000000

12.297000 0.000000
12.349000 0.000000
12.400000 0.000000

12.349000 0.000000
12.400000 0.000000
12.451000 0.000000

12.400000 0.000000
12.451000 0.000000
12.502000 0.000000

12.451000 0.000000
12.502000 0.000000
12.553000 0.000000

12.502000 0.000000
12.553000 0.000000
12.604000 0.000000

12.553000 0.000000
12.604000 0.000000
12.655000 0.000000

12.604000 0.000000
12.655000 0.000000
12.706000 0.000000

12.655000 0.000000
12.706000 0.000000
12.757000 0.000000

12.706000 0.000000
12.757000 0.000000
12.808000 0.000000

12.757000 0.000000
12.808000 0.000000
12.858000 0.000000

12.808000 0.000000
12.858000 0.000000
12.909000 0.000000

12.858000 0.000000
12.909000 0.000000
12.960000 0.000000

12.909000 0.000000
12.960000 0.000000
13.011000 0.000000

12.960000 0.000000
13.011000 0.000000
13.062000 0.000000

13.011000 0.000000
13.062000 0.000000
13.114000 0.000000

13.062000 0.000000
13.114000 0.000000
13.165000 0.577350

13.114000 0.000000
13.165000 0.577350
13.216000 0.000000

13.165000 0.577350
13.216000 0.000000
13.267000 0.000000

13.216000 0.000000
13.267000 0.000000
13.318000 0.000000

13.267000 0.000000
13.318000 0.000000
13.369000 0.000000

13.318000 0.000000
13.369000 0.000000
13.420000 0.000000

13.369000 0.000000
13.420000 0.000000
13.471000 0.000000

13.420000 0.000000
13.471000 0.000000
13.552000 0.000000

13.471000 0.000000
13.552000 0.000000
13.608000 0.000000

13.552000 0.000000
13.608000 0.000000
13.658000 0.000000

13.608000 0.000000
13.658000 0.000000
13.709000 0.000000

13.658000 0.000000
13.709000 0.000000
13.760000 0.000000

13.709000 0.000000
13.760000 0.000000
13.810000 0.000000

13.760000 0.000000
13.810000 0.000000
13.861000 0.000000

13.810000 0.000000
13.861000 0.000000
13.912000 1.154701

13.861000 0.000000
13.912000 1.154701
13.963000 0.000000

13.912000 1.154701
13.963000 0.000000
14.014000 0.000000

13.963000 0.000000
14.014000 0.000000
14.065000 0.577350

14.014000 0.000000
14.065000 0.577350
14.116000 0.000000

14.065000 0.577350
14.116000 0.000000
14.167000 0.577350

14.116000 0.000000
14.167000 0.577350
14.218000 0.577350

14.167000 0.577350
14.218000 0.577350
14.269000 0.577350

14.218000 0.577350
14.269000 0.577350
14.320000 0.000000

14.269000 0.577350
14.320000 0.000000
14.371000 0.000000

14.320000 0.000000
14.371000 0.000000
14.422000 0.577350

14.371000 0.000000
14.422000 0.577350
14.473000 0.000000

14.422000 0.577350
14.473000 0.000000
14.524000 0.000000

14.473000 0.000000
14.524000 0.000000
14.575000 0.000000

14.524000 0.000000
14.575000 0.000000
14.625000 0.577350

14.575000 0.000000
14.625000 0.577350
14.676000 0.000000

14.625000 0.577350
14.676000 0.000000
14.727000 0.000000

14.676000 0.000000
14.727000 0.000000
14.779000 0.000000

14.727000 0.000000
14.779000 0.000000
14.830000 0.000000

14.779000 0.000000
14.830000 0.000000
14.881000 0.000000

14.830000 0.000000
14.881000 0.000000
14.932000 0.816497

14.881000 0.000000
14.932000 0.816497
14.983000 0.577350

14.932000 0.816497
14.983000 0.577350
15.034000 0.000000

14.983000 0.577350
15.034000 0.000000
15.085000 0.000000

15.034000 0.000000
15.085000 0.000000
15.136000 0.000000

15.085000 0.000000
15.136000 0.000000
15.187000 0.000000

15.136000 0.000000
15.187000 0.000000
15.238000 0.000000

15.187000 0.000000
15.238000 0.000000
15.289000 0.577350

15.238000 0.000000
15.289000 0.577350
15.342000 0.000000

15.289000 0.577350
15.342000 0.000000
15.422000 0.000000

15.342000 0.000000
15.422000 0.000000
15.477000 0.577350

15.422000 0.000000
15.477000 0.577350
15.528000 0.000000

15.477000 0.577350
15.528000 0.000000
15.579000 0.000000

15.528000 0.000000
15.579000 0.000000
15.630000 0.000000

15.579000 0.000000
15.630000 0.000000
15.681000 0.577350

15.630000 0.000000
15.681000 0.577350
15.732000 0.000000

15.681000 0.577350
15.732000 0.000000
15.783000 0.000000

15.732000 0.000000
15.783000 0.000000
15.834000 0.000000

15.783000 0.000000
15.834000 0.000000
15.885000 0.000000

15.834000 0.000000
15.885000 0.000000
15.936000 0.000000

15.885000 0.000000
15.936000 0.000000
15.987000 0.577350

15.936000 0.000000
15.987000 0.577350
16.038000 0.000000

15.987000 0.577350
16.038000 0.000000
16.089001 0.577350

16.038000 0.000000
16.089001 0.577350
16.139999 0.000000

16.089001 0.577350
16.139999 0.000000
16.190001 0.000000

16.139999 0.000000
16.190001 0.000000
16.240999 0.000000

16.190001 0.000000
16.240999 0.000000
16.292000 0.000000

16.240999 0.000000
16.292000 0.000000
16.343000 1.154701

16.292000 0.000000
16.343000 1.154701
16.393000 0.000000

16.343000 1.154701
16.393000 0.000000
16.444000 0.000000

16.393000 0.000000
16.444000 0.000000
16.495001 0.000000

16.444000 0.000000
16.495001 0.000000
16.546000 0.000000

16.495001 0.000000
16.546000 0.000000
16.597000 0.577350

16.546000 0.000000
16.597000 0.577350
16.648001 0.577350

16.597000 0.577350
16.648001 0.577350
16.698999 0.000000

16.648001 0.577350
16.698999 0.000000
16.750000 0.000000

16.698999 0.000000
16.750000 0.000000
16.801001 0.577350

16.750000 0.000000
16.801001 0.577350
16.851999 0.000000

16.801001 0.577350
16.851999 0.000000
16.903000 0.000000

16.851999 0.000000
16.903000 0.000000
16.954000 0.000000

16.903000 0.000000
16.954000 0.000000
17.004999 0.000000

16.954000 0.000000
17.004999 0.000000
17.056000 0.000000

17.004999 0.000000
17.056000 0.000000
17.106001 0.000000

17.056000 0.000000
17.106001 0.000000
17.157000 0.000000

17.106001 0.000000
17.157000 0.000000
17.208000 0.000000

17.157000 0.000000
17.208000 0.000000
17.259001 0.000000

17.208000 0.000000
17.259001 0.000000
17.348000 0.000000

17.259001 0.000000
17.348000 0.000000
17.399000 0.000000

17.348000 0.000000
17.399000 0.000000
17.450001 0.000000

17.399000 0.000000
17.450001 0.000000
17.500999 0.000000

17.450001 0.000000
17.500999 0.000000
17.552000 0.000000

17.500999 0.000000
17.552000 0.000000
17.603001 0.000000

17.552000 0.000000
17.603001 0.000000
17.653999 0.000000

17.603001 0.000000
17.653999 0.000000
17.705999 0.000000

17.653999 0.000000
17.705999 0.000000
17.757000 0.000000

17.705999 0.000000
17.757000 0.000000
17.808001 0.000000

17.757000 0.000000
17.808001 0.000000
17.858999 0.577350

17.808001 0.000000
17.858999 0.577350
17.909000 0.000000

17.858999 0.577350
17.909000 0.000000
17.959999 0.577350

17.909000 0.000000
17.959999 0.577350
18.011999 0.000000

17.959999 0.577350
18.011999 0.000000
18.062000 0.000000

18.011999 0.000000
18.062000 0.000000
18.113001 0.000000

18.062000 0.000000
18.113001 0.000000
18.164000 0.000000

18.113001 0.000000
18.164000 0.000000
18.215000 0.000000

18.164000 0.000000
18.215000 0.000000
18.266001 0.000000

18.215000 0.000000
18.266001 0.000000
18.318001 0.000000

18.266001 0.000000
18.318001 0.000000
18.368999 0.000000

18.318001 0.000000
18.368999 0.000000
18.420000 0.000000

18.368999 0.000000
18.420000 0.000000
18.471001 0.000000

18.420000 0.000000
18.471001 0.000000
18.521999 0.000000

18.471001 0.000000
18.521999 0.000000
18.573000 0.577350

18.521999 0.000000
18.573000 0.577350
18.624001 0.000000

18.573000 0.577350
18.624001 0.000000
18.674999 0.577350

18.624001 0.000000
18.674999 0.577350
18.726000 0.000000

18.674999 0.577350
18.726000 0.000000
18.777000 0.000000

18.726000 0.000000
18.777000 0.000000
18.827999 0.000000

18.777000 0.000000
18.827999 0.000000
18.879000 0.000000

18.827999 0.000000
18.879000 0.000000
18.930000 0.000000

18.879000 0.000000
18.930000 0.000000
18.981001 0.000000

18.930000 0.000000
18.981001 0.000000
19.032000 0.000000

18.981001 0.000000
19.032000 0.000000
19.083000 0.000000

19.032000 0.000000
19.083000 0.000000
19.134001 0.577350

19.083000 0.000000
19.134001 0.577350
19.184999 0.000000

19.134001 0.577350
19.184999 0.000000
19.271999 0.577350

19.184999 0.000000
19.271999 0.577350
19.323000 0.000000

19.271999 0.577350
19.323000 0.000000
19.374001 0.000000

19.323000 0.000000
19.374001 0.000000
19.424999 0.000000

19.374001 0.000000
19.424999 0.000000
19.476000 0.000000

19.424999 0.000000
19.476000 0.000000
19.527000 0.000000

19.476000 0.000000
19.527000 0.000000
19.577999 0.577350

19.527000 0.000000
19.577999 0.577350
19.628000 0.000000

19.577999 0.577350
19.628000 0.000000
19.679001 0.000000

19.628000 0.000000
19.679001 0.000000
19.731001 0.000000

19.679001 0.000000
19.731001 0.000000
19.781000 0.000000

19.731001 0.000000
19.781000 0.000000
19.832001 0.000000

19.781000 0.000000
19.832001 0.000000
19.882999 0.577350

19.832001 0.000000
19.882999 0.577350
19.934000 0.000000

19.882999 0.577350
19.934000 0.000000
19.986000 0.000000

19.934000 0.000000
19.986000 0.000000
20.037001 0.000000

19.986000 0.000000
20.037001 0.000000
20.087999 0.000000

20.037001 0.000000
20.087999 0.000000
20.139000 0.000000

20.087999 0.000000
20.139000 0.000000
20.190001 0.000000

20.139000 0.000000
20.190001 0.000000
20.240999 0.000000

20.190001 0.000000
20.240999 0.000000
20.292000 0.000000

20.240999 0.000000
20.292000 0.000000
20.343000 0.000000

20.292000 0.000000
20.343000 0.000000
20.393999 0.000000

20.343000 0.000000
20.393999 0.000000
20.445000 0.000000

20.393999 0.000000
20.445000 0.000000
20.496000 0.000000

20.445000 0.000000
20.496000 0.000000
20.547001 0.000000

20.496000 0.000000
20.547001 0.000000
20.598000 0.000000

20.547001 0.000000
20.598000 0.000000
20.649000 0.577350

20.598000 0.000000
20.649000 0.577350
20.700001 0.000000

20.649000 0.577350
20.700001 0.000000
20.750999 0.000000

20.700001 0.000000
20.750999 0.000000
20.802000 0.000000

20.750999 0.000000
20.802000 0.000000
20.853001 0.000000

20.802000 0.000000
20.853001 0.000000
20.903999 0.000000

20.853001 0.000000
20.903999 0.000000
20.955000 0.000000

20.903999 0.000000
20.955000 0.000000
21.006001 0.577350

20.955000 0.000000
21.006001 0.577350
21.058001 0.000000

21.006001 0.577350
21.058001 0.000000
21.108999 0.000000

21.058001 0.000000
21.108999 0.000000
21.195000 0.816497

21.108999 0.000000
21.195000 0.816497
21.246000 0.577350

21.195000 0.816497
21.246000 0.577350
21.297001 0.000000

21.246000 0.577350
21.297001 0.000000
21.348000 0.000000

21.297001 0.000000
21.348000 0.000000
21.399000 0.000000

21.348000 0.000000
21.399000 0.000000
21.450001 0.577350

21.399000 0.000000
21.450001 0.577350
21.507999 0.577350

21.450001 0.577350
21.507999 0.577350
21.559000 0.000000

21.507999 0.577350
21.559000 0.000000
21.610001 0.000000

21.559000 0.000000
21.610001 0.000000
21.662001 0.000000

21.610001 0.000000
21.662001 0.000000
21.712999 0.000000

21.662001 0.000000
21.712999 0.000000
21.764000 0.000000

21.712999 0.000000
21.764000 0.000000
21.815001 0.000000

21.764000 0.000000
21.815001 0.000000
21.865999 0.000000

21.815001 0.000000
21.865999 0.000000
21.917000 0.577350

21.865999 0.000000
21.917000 0.577350
21.968000 0.000000

21.917000 0.577350
21.968000 0.000000
22.018999 0.000000

21.968000 0.000000
22.018999 0.000000
22.070000 0.000000

22.018999 0.000000
22.070000 0.000000
22.121000 0.577350

22.070000 0.000000
22.121000 0.577350
22.172001 0.000000

22.121000 0.577350
22.172001 0.000000
22.225000 0.000000

22.172001 0.000000
22.225000 0.000000
22.275999 0.000000

22.225000 0.000000
22.275999 0.000000
22.327000 0.577350

22.275999 0.000000
22.327000 0.577350
22.379999 0.000000

22.327000 0.577350
22.379999 0.000000
22.431000 0.577350

22.379999 0.000000
22.431000 0.577350
22.482000 0.000000

22.431000 0.577350
22.482000 0.000000
22.533001 0.000000

22.482000 0.000000
22.533001 0.000000
22.584000 0.000000

22.533001 0.000000
22.584000 0.000000
22.635000 0.000000

22.584000 0.000000
22.635000 0.000000
22.686001 0.000000

22.635000 0.000000
22.686001 0.000000
22.736000 0.000000

22.686001 0.000000
22.736000 0.000000
22.787001 0.000000

22.736000 0.000000
22.787001 0.000000
22.837999 0.000000

22.787001 0.000000
22.837999 0.000000
22.889000 0.000000

22.837999 0.000000
22.889000 0.000000
22.940001 0.000000

22.889000 0.000000
22.940001 0.000000
23.018999 0.000000

22.940001 0.000000
23.018999 0.000000
23.073000 0.000000

23.018999 0.000000
23.073000 0.000000
23.124001 0.000000

23.073000 0.000000
23.124001 0.000000
23.174999 0.000000

23.124001 0.000000
23.174999 0.000000
23.226000 0.000000

23.174999 0.000000
23.226000 0.000000
23.277000 0.000000

23.226000 0.000000
23.277000 0.000000
23.327999 0.000000

23.277000 0.000000
23.327999 0.000000
23.379000 0.000000

23.327999 0.000000
23.379000 0.000000
23.430000 0.577350

23.379000 0.000000
23.430000 0.577350
23.482000 0.577350

23.430000 0.577350
23.482000 0.577350
23.533001 0.000000

23.482000 0.577350
23.533001 0.000000
23.584000 0.000000

23.533001 0.000000
23.584000 0.000000
23.635000 0.000000

23.584000 0.000000
23.635000 0.000000
23.687000 0.000000

23.635000 0.000000
23.687000 0.000000
23.738001 0.000000

23.687000 0.000000
23.738001 0.000000
23.789000 0.577350

23.738001 0.000000
23.789000 0.577350
23.840000 0.000000

23.789000 0.577350
23.840000 0.000000
23.892000 0.816497

23.840000 0.000000
23.892000 0.816497
23.941999 0.000000

23.892000 0.816497
23.941999 0.000000
23.993999 0.000000

23.941999 0.000000
23.993999 0.000000
24.045000 0.000000

23.993999 0.000000
24.045000 0.000000
24.096001 0.000000

24.045000 0.000000
24.096001 0.000000
24.146999 0.000000

24.096001 0.000000
24.146999 0.000000
24.198000 0.000000

24.146999 0.000000
24.198000 0.000000
24.249001 0.000000

24.198000 0.000000
24.249001 0.000000
24.301001 0.000000

24.249001 0.000000
24.301001 0.000000
24.351999 0.000000

24.301001 0.000000
24.351999 0.000000
24.403000 0.000000

24.351999 0.000000
24.403000 0.000000
24.455000 0.000000

24.403000 0.000000
24.455000 0.000000
24.506001 0.000000

24.455000 0.000000
24.506001 0.000000
24.556999 0.000000

24.506001 0.000000
24.556999 0.000000
24.608000 0.000000

24.556999 0.000000
24.608000 0.000000
24.659000 0.000000

24.608000 0.000000
24.659000 0.000000
24.711000 0.000000

24.659000 0.000000
24.711000 0.000000
24.761000 0.000000

24.711000 0.000000
24.761000 0.000000
24.813000 0.000000

24.761000 0.000000
24.813000 0.000000
24.864000 0.000000

24.813000 0.000000
24.864000 0.000000
24.941999 0.000000

24.864000 0.000000
24.941999 0.000000
24.993000 0.000000

24.941999 0.000000
24.993000 0.000000
25.044001 0.000000

24.993000 0.000000
25.044001 0.000000
25.096001 0.000000

25.044001 0.000000
25.096001 0.000000
25.146999 0.000000

25.096001 0.000000
25.146999 0.000000
25.198000 0.000000

25.146999 0.000000
25.198000 0.000000
25.250000 0.000000

25.198000 0.000000
25.250000 0.000000
25.301001 0.000000

25.250000 0.000000
25.301001 0.000000
25.351999 0.000000

25.301001 0.000000
25.351999 0.000000
25.403999 0.000000

25.351999 0.000000
25.403999 0.000000
25.455000 0.000000

25.403999 0.000000
25.455000 0.000000
25.506001 0.000000

25.455000 0.000000
25.506001 0.000000
25.558001 0.000000

25.506001 0.000000
25.558001 0.000000
25.608999 0.000000

25.558001 0.000000
25.608999 0.000000
25.660000 0.000000

25.608999 0.000000
25.660000 0.000000
25.711000 0.000000

25.660000 0.000000
25.711000 0.000000
25.763000 0.000000

25.711000 0.000000
25.763000 0.000000
25.813000 0.000000

25.763000 0.000000
25.813000 0.000000
25.865000 0.000000

25.813000 0.000000
25.865000 0.000000
25.916000 0.000000

25.865000 0.000000
25.916000 0.000000
25.966999 0.577350

25.916000 0.000000
25.966999 0.577350
26.018999 0.000000

25.966999 0.577350
26.018999 0.000000
26.070000 0.000000

26.018999 0.000000
26.070000 0.000000
26.121000 0.000000

26.070000 0.000000
26.121000 0.000000
26.173000 0.577350

26.121000 0.000000
26.173000 0.577350
26.224001 0.577350

26.173000 0.577350
26.224001 0.577350
26.275999 0.000000

26.224001 0.577350
26.275999 0.000000
26.327000 0.000000

26.275999 0.000000
26.327000 0.000000
26.378000 0.000000

26.327000 0.000000
26.378000 0.000000
26.430000 0.000000

26.378000 0.000000
26.430000 0.000000
26.481001 0.577350

26.430000 0.000000
26.481001 0.577350
26.532000 0.000000

26.481001 0.577350
26.532000 0.000000
26.583000 0.577350

26.532000 0.000000
26.583000 0.577350
26.634001 0.000000

26.583000 0.577350
26.634001 0.000000
26.684999 0.000000

26.634001 0.000000
26.684999 0.000000
26.737000 0.577350

26.684999 0.000000
26.737000 0.577350
26.788000 0.000000

26.737000 0.577350
26.788000 0.000000
26.865000 0.577350

26.788000 0.000000
26.865000 0.577350
26.921000 0.000000

26.865000 0.577350
26.921000 0.000000
26.972000 0.000000

26.921000 0.000000
26.972000 0.000000
27.023001 0.000000

26.972000 0.000000
27.023001 0.000000
27.075001 0.000000

27.023001 0.000000
27.075001 0.000000
27.125999 0.000000

27.075001 0.000000
27.125999 0.000000
27.177000 0.000000

27.125999 0.000000
27.177000 0.000000
27.229000 0.577350

27.177000 0.000000
27.229000 0.577350
27.280001 0.000000

27.229000 0.577350
27.280001 0.000000
27.330999 0.000000

27.280001 0.000000
27.330999 0.000000
27.382000 0.000000

27.330999 0.000000
27.382000 0.000000
27.433001 0.000000

27.382000 0.000000
27.433001 0.000000
27.485001 0.000000

27.433001 0.000000
27.485001 0.000000
27.535999 0.000000

27.485001 0.000000
27.535999 0.000000
27.587000 0.000000

27.535999 0.000000
27.587000 0.000000
27.638000 0.000000

27.587000 0.000000
27.638000 0.000000
27.690001 0.000000

27.638000 0.000000
27.690001 0.000000
27.740999 0.000000

27.690001 0.000000
27.740999 0.000000
27.792000 0.000000

27.740999 0.000000
27.792000 0.000000
27.844000 0.000000

27.792000 0.000000
27.844000 0.000000
27.895000 0.000000

27.844000 0.000000
27.895000 0.000000
27.945999 0.000000

27.895000 0.000000
27.945999 0.000000
27.997999 0.000000

27.945999 0.000000
27.997999 0.000000
28.049000 0.000000

27.997999 0.000000
28.049000 0.000000
28.101000 0.000000

28.049000 0.000000
28.101000 0.000000
28.152000 0.000000

28.101000 0.000000
28.152000 0.000000
28.202999 0.000000

28.152000 0.000000
28.202999 0.000000
28.254000 0.577350

28.202999 0.000000
28.254000 0.577350
28.305000 0.000000

28.254000 0.577350
28.305000 0.000000
28.356001 0.000000

28.305000 0.000000
28.356001 0.000000
28.408001 0.000000

28.356001 0.000000
28.408001 0.000000
28.459000 0.577350

28.408001 0.000000
28.459000 0.577350
28.511000 0.000000

28.459000 0.577350
28.511000 0.000000
28.562000 0.577350

28.511000 0.000000
28.562000 0.577350
28.613001 0.000000

28.562000 0.577350
28.613001 0.000000
28.665001 0.000000

28.613001 0.000000
28.665001 0.000000
28.716000 0.000000

28.665001 0.000000
28.716000 0.000000
28.791000 0.577350

28.716000 0.000000
28.791000 0.577350
28.844000 0.000000

28.791000 0.577350
28.844000 0.000000
28.895000 0.000000

28.844000 0.000000
28.895000 0.000000
28.945999 0.000000

28.895000 0.000000
28.945999 0.000000
28.997999 0.000000

28.945999 0.000000
28.997999 0.000000
29.049000 0.816497

28.997999 0.000000
29.049000 0.816497
29.104000 0.000000

29.049000 0.816497
29.104000 0.000000
29.155001 0.000000

29.104000 0.000000
29.155001 0.000000
29.205999 0.000000

29.155001 0.000000
29.205999 0.000000
29.259001 0.000000

29.205999 0.000000
29.259001 0.000000
29.309999 0.000000

29.259001 0.000000
29.309999 0.000000
29.361000 0.000000

29.309999 0.000000
29.361000 0.000000
29.412001 0.000000

29.361000 0.000000
29.412001 0.000000
29.462999 0.000000

29.412001 0.000000
29.462999 0.000000
29.514000 0.000000

29.462999 0.000000
29.514000 0.000000
29.565001 0.577350

29.514000 0.000000
29.565001 0.577350
29.615999 0.000000

29.565001 0.577350
29.615999 0.000000
29.667000 0.000000

29.615999 0.000000
29.667000 0.000000
29.718000 0.000000

29.667000 0.000000
29.718000 0.000000
29.768999 0.577350

29.718000 0.000000
29.768999 0.577350
29.820000 0.000000

29.768999 0.577350
29.820000 0.000000
29.871000 0.577350

29.820000 0.000000
29.871000 0.577350
29.921000 0.577350

29.871000 0.577350
29.921000 0.577350
29.972000 0.000000

29.921000 0.577350
29.972000 0.000000
30.023001 0.000000

29.972000 0.000000
30.023001 0.000000
30.073000 0.577350

30.023001 0.000000
30.073000 0.577350
30.124001 0.000000

30.073000 0.577350
30.124001 0.000000
30.174999 0.000000

30.124001 0.000000
30.174999 0.000000
30.226000 0.577350

30.174999 0.000000
30.226000 0.577350
30.277000 0.000000

30.226000 0.577350
30.277000 0.000000
30.327999 0.000000

30.277000 0.000000
30.327999 0.000000
30.379000 0.000000

30.327999 0.000000
30.379000 0.000000
30.430000 0.577350

30.379000 0.000000
30.430000 0.577350
30.481001 0.000000

30.430000 0.577350
30.481001 0.000000
30.532000 0.000000

30.481001 0.000000
30.532000 0.000000
30.583000 0.000000

30.532000 0.000000
30.583000 0.000000
30.667999 0.577350

30.583000 0.000000
30.667999 0.577350
30.719000 0.577350

30.667999 0.577350
30.719000 0.577350
30.768999 0.577350

30.719000 0.577350
30.768999 0.577350
30.820000 0.577350

30.768999 0.577350
30.820000 0.577350
30.871000 0.000000

30.820000 0.577350
30.871000 0.000000
30.921000 0.000000

30.871000 0.000000
30.921000 0.000000
30.972000 0.000000

30.921000 0.000000
30.972000 0.000000
31.023001 0.000000

30.972000 0.000000
31.023001 0.000000
31.073999 0.000000

31.023001 0.000000
31.073999 0.000000
31.125000 0.000000

31.073999 0.000000
31.125000 0.000000
31.176001 0.000000

31.125000 0.000000
31.176001 0.000000
31.226999 0.577350

31.176001 0.000000
31.226999 0.577350
31.278000 0.000000

31.226999 0.577350
31.278000 0.000000
31.329000 0.000000

31.278000 0.000000
31.329000 0.000000
31.379999 0.000000

31.329000 0.000000
31.379999 0.000000
31.431000 0.000000

31.379999 0.000000
31.431000 0.000000
31.482000 0.577350

31.431000 0.000000
31.482000 0.577350
31.533001 0.000000

31.482000 0.577350
31.533001 0.000000
31.584000 0.000000

31.533001 0.000000
31.584000 0.000000
31.634001 0.000000

31.584000 0.000000
31.634001 0.000000
31.684999 0.000000

31.634001 0.000000
31.684999 0.000000
31.736000 0.000000

31.684999 0.000000
31.736000 0.000000
31.785999 0.000000

31.736000 0.000000
31.785999 0.000000
31.837000 0.000000

31.785999 0.000000
31.837000 0.000000
31.888000 0.577350

31.837000 0.000000
31.888000 0.577350
31.938999 0.000000

31.888000 0.577350
31.938999 0.000000
31.990000 0.577350

31.938999 0.000000
31.990000 0.577350
32.041000 0.000000

31.990000 0.577350
32.041000 0.000000
32.091999 0.000000

32.041000 0.000000
32.091999 0.000000
32.143002 0.000000

32.091999 0.000000
32.143002 0.000000
32.194000 0.577350

32.143002 0.000000
32.194000 0.577350
32.244999 0.000000

32.194000 0.577350
32.244999 0.000000
32.296001 0.000000

32.244999 0.000000
32.296001 0.000000
32.347000 0.000000

32.296001 0.000000
32.347000 0.000000
32.397999 0.000000

32.347000 0.000000
32.397999 0.000000
32.449001 0.816497

32.397999 0.000000
32.449001 0.816497
32.530998 0.000000

32.449001 0.816497
32.530998 0.000000
32.587002 0.816497

32.530998 0.000000
32.587002 0.816497
32.637001 0.000000

32.587002 0.816497
32.637001 0.000000
32.687000 0.000000

32.637001 0.000000
32.687000 0.000000
32.737999 0.000000

32.687000 0.000000
32.737999 0.000000
32.789001 0.000000

32.737999 0.000000
32.789001 0.000000
32.840000 0.000000

32.789001 0.000000
32.840000 0.000000
32.890999 0.000000

32.840000 0.000000
32.890999 0.000000
32.943001 0.000000

32.890999 0.000000
32.943001 0.000000
32.993999 0.000000

32.943001 0.000000
32.993999 0.000000
33.044998 0.000000

32.993999 0.000000
33.044998 0.000000
33.096001 0.000000

33.044998 0.000000
33.096001 0.000000
33.146999 0.000000

33.096001 0.000000
33.146999 0.000000
33.198002 0.000000

33.146999 0.000000
33.198002 0.000000
33.249001 0.000000

33.198002 0.000000
33.249001 0.000000
33.299999 0.000000

33.249001 0.000000
33.299999 0.000000
33.351002 0.577350

33.299999 0.000000
33.351002 0.577350
33.402000 0.000000

33.351002 0.577350
33.402000 0.000000
33.452999 0.000000

33.402000 0.000000
33.452999 0.000000
33.502998 0.000000

33.452999 0.000000
33.502998 0.000000
33.554001 0.000000

33.502998 0.000000
33.554001 0.000000
33.605000 0.000000

33.554001 0.000000
33.605000 0.000000
33.655998 0.000000

33.605000 0.000000
33.655998 0.000000
33.708000 0.000000

33.655998 0.000000
33.708000 0.000000
33.758999 0.000000

33.708000 0.000000
33.758999 0.000000
33.810001 0.000000

33.758999 0.000000
33.810001 0.000000
33.861000 0.000000

33.810001 0.000000
33.861000 0.000000
33.911999 0.000000

33.861000 0.000000
33.911999 0.000000
33.963001 0.000000

33.911999 0.000000
33.963001 0.000000
34.014000 0.000000

33.963001 0.000000
34.014000 0.000000
34.064999 0.000000

34.014000 0.000000
34.064999 0.000000
34.116001 0.577350

34.064999 0.000000
34.116001 0.577350
34.167000 0.577350

34.116001 0.577350
34.167000 0.577350
34.216999 0.000000

34.167000 0.577350
34.216999 0.000000
34.269001 0.000000

34.216999 0.000000
34.269001 0.000000
34.320000 0.000000

34.269001 0.000000
34.320000 0.000000
34.369999 0.000000

34.320000 0.000000
34.369999 0.000000
34.453999 0.000000

34.369999 0.000000
34.453999 0.000000
34.511002 0.000000

34.453999 0.000000
34.511002 0.000000
34.562000 0.000000

34.511002 0.000000
34.562000 0.000000
34.612999 0.577350

34.562000 0.000000
34.612999 0.577350
34.664001 0.577350

34.612999 0.577350
34.664001 0.577350
34.715000 0.000000

34.664001 0.577350
34.715000 0.000000
34.765999 0.000000

34.715000 0.000000
34.765999 0.000000
34.817001 0.000000

34.765999 0.000000
34.817001 0.000000
34.868000 0.000000

34.817001 0.000000
34.868000 0.000000
34.918999 0.000000

34.868000 0.000000
34.918999 0.000000
34.971001 0.000000

34.918999 0.000000
34.971001 0.000000
35.021999 0.577350

34.971001 0.000000
35.021999 0.577350
35.071999 0.000000

35.021999 0.577350
35.071999 0.000000
35.123001 0.000000

35.071999 0.000000
35.123001 0.000000
35.174000 0.000000

35.123001 0.000000
35.174000 0.000000
35.231998 0.000000

35.174000 0.000000
35.231998 0.000000
35.283001 0.000000

35.231998 0.000000
35.283001 0.000000
35.334999 0.000000

35.283001 0.000000
35.334999 0.000000
35.386002 0.000000

35.334999 0.000000
35.386002 0.000000
35.437000 0.000000

35.386002 0.000000
35.437000 0.000000
35.487999 0.000000

35.437000 0.000000
35.487999 0.000000
35.539001 0.000000

35.487999 0.000000
35.539001 0.000000
35.590000 0.000000

35.539001 0.000000
35.590000 0.000000
35.640999 0.000000

35.590000 0.000000
35.640999 0.000000
35.693001 0.000000

35.640999 0.000000
35.693001 0.000000
35.743999 0.000000

35.693001 0.000000
35.743999 0.000000
35.794998 0.000000

35.743999 0.000000
35.794998 0.000000
35.846001 0.000000

35.794998 0.000000
35.846001 0.000000
35.896999 0.000000

35.846001 0.000000
35.896999 0.000000
35.950001 0.000000

35.896999 0.000000
35.950001 0.000000
36.000999 0.000000

35.950001 0.000000
36.000999 0.000000
36.054001 0.000000

36.000999 0.000000
36.054001 0.000000
36.105000 0.577350

36.054001 0.000000
36.105000 0.577350
36.155998 0.000000

36.105000 0.577350
36.155998 0.000000
36.207001 0.000000

36.155998 0.000000
36.207001 0.000000
36.257999 0.000000

36.207001 0.000000
36.257999 0.000000
36.341999 0.000000

36.257999 0.000000
36.341999 0.000000
36.394001 1.154701

36.341999 0.000000
36.394001 1.154701
36.445000 0.000000

36.394001 1.154701
36.445000 0.000000
36.495998 0.000000

36.445000 0.000000
36.495998 0.000000
36.548000 0.000000

36.495998 0.000000
36.548000 0.000000
36.598999 0.000000

36.548000 0.000000
36.598999 0.000000
36.650002 0.000000

36.598999 0.000000
36.650002 0.000000
36.702000 0.000000

36.650002 0.000000
36.702000 0.000000
36.752998 0.000000

36.702000 0.000000
36.752998 0.000000
36.804001 1.154701

36.752998 0.000000
36.804001 1.154701
36.855999 0.000000

36.804001 1.154701
36.855999 0.000000
36.907001 0.000000

36.855999 0.000000
36.907001 0.000000
36.958000 0.000000

36.907001 0.000000
36.958000 0.000000
37.008999 0.000000

36.958000 0.000000
37.008999 0.000000
37.061001 0.000000

37.008999 0.000000
37.061001 0.000000
37.112000 0.000000

37.061001 0.000000
37.112000 0.000000
37.162998 0.000000

37.112000 0.000000
37.162998 0.000000
37.215000 0.000000

37.162998 0.000000
37.215000 0.000000
37.265999 0.000000

37.215000 0.000000
37.265999 0.000000
37.318001 0.000000

37.265999 0.000000
37.318001 0.000000
37.368999 0.000000

37.318001 0.000000
37.368999 0.000000
37.419998 0.000000

37.368999 0.000000
37.419998 0.000000
37.472000 0.000000

37.419998 0.000000
37.472000 0.000000
37.522999 0.000000

37.472000 0.000000
37.522999 0.000000
37.575001 0.577350

37.522999 0.000000
37.575001 0.577350
37.625999 0.577350

37.575001 0.577350
37.625999 0.577350
37.676998 0.000000

37.625999 0.577350
37.676998 0.000000
37.728001 0.000000

37.676998 0.000000
37.728001 0.000000
37.778999 0.577350

37.728001 0.000000
37.778999 0.577350
37.831001 0.000000

37.778999 0.577350
37.831001 0.000000
37.882000 0.000000

37.831001 0.000000
37.882000 0.000000
37.932999 0.000000

37.882000 0.000000
37.932999 0.000000
37.985001 0.000000

37.932999 0.000000
37.985001 0.000000
38.035999 0.000000

37.985001 0.000000
38.035999 0.000000
38.088001 0.577350

38.035999 0.000000
38.088001 0.577350
38.139000 0.000000

38.088001 0.577350
38.139000 0.000000
38.189999 0.577350

38.139000 0.000000
38.189999 0.577350
38.276001 0.000000

38.189999 0.577350
38.276001 0.000000
38.327000 0.000000

38.276001 0.000000
38.327000 0.000000
38.377998 0.000000

38.327000 0.000000
38.377998 0.000000
38.429001 0.000000

38.377998 0.000000
38.429001 0.000000
38.480000 0.000000

38.429001 0.000000
38.480000 0.000000
38.530998 0.000000

38.480000 0.000000
38.530998 0.000000
38.582001 1.154701

38.530998 0.000000
38.582001 1.154701
38.633999 0.000000

38.582001 1.154701
38.633999 0.000000
38.683998 0.000000

38.633999 0.000000
38.683998 0.000000
38.735001 0.000000

38.683998 0.000000
38.735001 0.000000
38.786999 0.000000

38.735001 0.000000
38.786999 0.000000
38.838001 0.000000

38.786999 0.000000
38.838001 0.000000
38.889000 0.000000

38.838001 0.000000
38.889000 0.000000
38.939999 0.000000

38.889000 0.000000
38.939999 0.000000
38.992001 0.000000

38.939999 0.000000
38.992001 0.000000
39.042999 0.000000

38.992001 0.000000
39.042999 0.000000
39.094002 0.000000

39.042999 0.000000
39.094002 0.000000
39.145000 0.000000

39.094002 0.000000
39.145000 0.000000
39.196999 0.000000

39.145000 0.000000
39.196999 0.000000
39.248001 0.000000

39.196999 0.000000
39.248001 0.000000
39.299000 0.000000

39.248001 0.000000
39.299000 0.000000
39.349998 0.577350

39.299000 0.000000
39.349998 0.577350
39.401001 0.000000

39.349998 0.577350
39.401001 0.000000
39.452000 0.000000

39.401001 0.000000
39.452000 0.000000
39.502998 0.000000

39.452000 0.000000
39.502998 0.000000
39.554001 0.000000

39.502998 0.000000
39.554001 0.000000
39.605999 0.000000

39.554001 0.000000
39.605999 0.000000
39.657001 0.000000

39.605999 0.000000
39.657001 0.000000
39.708000 0.000000

39.657001 0.000000
39.708000 0.000000
39.758999 0.000000

39.708000 0.000000
39.758999 0.000000
39.811001 0.000000

39.758999 0.000000
39.811001 0.000000
39.862000 0.000000

39.811001 0.000000
39.862000 0.000000
39.912998 0.816497

39.862000 0.000000
39.912998 0.816497
39.964001 0.577350

39.912998 0.816497
39.964001 0.577350
40.015999 0.000000

39.964001 0.577350
40.015999 0.000000
40.067001 0.000000

40.015999 0.000000
40.067001 0.000000
40.118000 0.000000

40.067001 0.000000
40.118000 0.000000
40.203999 0.000000

40.118000 0.000000
40.203999 0.000000
40.254002 0.000000

40.203999 0.000000
40.254002 0.000000
40.306000 0.577350

40.254002 0.000000
40.306000 0.577350
40.356998 0.000000

40.306000 0.577350
40.356998 0.000000
40.407001 0.000000

40.356998 0.000000
40.407001 0.000000
40.459000 0.000000

40.407001 0.000000
40.459000 0.000000
40.509998 0.000000

40.459000 0.000000
40.509998 0.000000
40.561001 0.000000

40.509998 0.000000
40.561001 0.000000
40.612999 0.000000

40.561001 0.000000
40.612999 0.000000
40.664001 0.000000

40.612999 0.000000
40.664001 0.000000
40.715000 0.000000

40.664001 0.000000
40.715000 0.000000
40.766998 0.577350

40.715000 0.000000
40.766998 0.577350
40.818001 0.000000

40.766998 0.577350
40.818001 0.000000
40.869999 0.000000

40.818001 0.000000
40.869999 0.000000
40.921001 0.000000

40.869999 0.000000
40.921001 0.000000
40.972000 0.000000

40.921001 0.000000
40.972000 0.000000
41.023998 0.000000

40.972000 0.000000
41.023998 0.000000
41.075001 0.577350

41.023998 0.000000
41.075001 0.577350
41.125999 0.816497

41.075001 0.577350
41.125999 0.816497
41.176998 0.000000

41.125999 0.816497
41.176998 0.000000
41.228001 0.000000

41.176998 0.000000
41.228001 0.000000
41.278999 0.000000

41.228001 0.000000
41.278999 0.000000
41.331001 0.000000

41.278999 0.000000
41.331001 0.000000
41.382000 0.000000

41.331001 0.000000
41.382000 0.000000
41.432999 0.000000

41.382000 0.000000
41.432999 0.000000
41.485001 0.000000

41.432999 0.000000
41.485001 0.000000
41.535999 0.000000

41.485001 0.000000
41.535999 0.000000
41.587002 0.000000

41.535999 0.000000
41.587002 0.000000
41.639000 0.000000

41.587002 0.000000
41.639000 0.000000
41.689999 0.816497

41.639000 0.000000
41.689999 0.816497
41.741001 0.000000

41.689999 0.816497
41.741001 0.000000
41.792999 0.000000

41.741001 0.000000
41.792999 0.000000
41.844002 0.577350

41.792999 0.000000
41.844002 0.577350
41.895000 0.000000

41.844002 0.577350
41.895000 0.000000
41.945999 0.000000

41.895000 0.000000
41.945999 0.000000
42.000000 0.000000

41.945999 0.000000
42.000000 0.000000
42.050999 0.000000

42.000000 0.000000
42.050999 0.000000
42.134998 0.000000

42.050999 0.000000
42.134998 0.000000
42.186001 0.000000

42.134998 0.000000
42.186001 0.000000
42.237000 0.000000

42.186001 0.000000
42.237000 0.000000
42.287998 0.000000

42.237000 0.000000
42.287998 0.000000
42.339001 0.000000

42.287998 0.000000
42.339001 0.000000
42.389999 0.000000

42.339001 0.000000
42.389999 0.000000
42.441002 0.000000

42.389999 0.000000
42.441002 0.000000
42.493000 0.000000

42.441002 0.000000
42.493000 0.000000
42.543999 0.000000

42.493000 0.000000
42.543999 0.000000
42.595001 0.000000

42.543999 0.000000
42.595001 0.000000
42.646000 0.000000

42.595001 0.000000
42.646000 0.000000
42.696999 0.000000

42.646000 0.000000
42.696999 0.000000
42.748001 0.000000

42.696999 0.000000
42.748001 0.000000
42.799999 0.000000

42.748001 0.000000
42.799999 0.000000
42.853001 0.000000

42.799999 0.000000
42.853001 0.000000
42.903999 0.000000

42.853001 0.000000
42.903999 0.000000
42.957001 0.000000

42.903999 0.000000
42.957001 0.000000
43.007999 0.000000

42.957001 0.000000
43.007999 0.000000
43.058998 0.000000

43.007999 0.000000
43.058998 0.000000
43.110001 0.000000

43.058998 0.000000
43.110001 0.000000
43.160999 0.000000

43.110001 0.000000
43.160999 0.000000
43.212002 0.000000

43.160999 0.000000
43.212002 0.000000
43.263000 0.000000

43.212002 0.000000
43.263000 0.000000
43.314999 0.000000

43.263000 0.000000
43.314999 0.000000
43.366001 0.577350

43.314999 0.000000
43.366001 0.577350
43.417000 0.000000

43.366001 0.577350
43.417000 0.000000
43.467999 0.000000

43.417000 0.000000
43.467999 0.000000
43.519001 0.000000

43.467999 0.000000
43.519001 0.000000
43.570000 0.000000

43.519001 0.000000
43.570000 0.000000
43.620998 0.000000

43.570000 0.000000
43.620998 0.000000
43.672001 0.000000

43.620998 0.000000
43.672001 0.000000
43.723000 0.000000

43.672001 0.000000
43.723000 0.000000
43.773998 0.000000

43.723000 0.000000
43.773998 0.000000
43.824001 0.000000

43.773998 0.000000
43.824001 0.000000
43.875000 0.000000

43.824001 0.000000
43.875000 0.000000
43.963001 0.000000

43.875000 0.000000
43.963001 0.000000
44.013000 0.577350

43.963001 0.000000
44.013000 0.577350
44.063999 0.000000

44.013000 0.577350
44.063999 0.000000
44.115002 0.577350

44.063999 0.000000
44.115002 0.577350
44.166000 0.000000

44.115002 0.577350
44.166000 0.000000
44.216999 0.577350

44.166000 0.000000
44.216999 0.577350
44.268002 0.000000

44.216999 0.577350
44.268002 0.000000
44.319000 0.000000

44.268002 0.000000
44.319000 0.000000
44.369999 0.000000

44.319000 0.000000
44.369999 0.000000
44.421001 0.000000

44.369999 0.000000
44.421001 0.000000
44.472000 0.000000

44.421001 0.000000
44.472000 0.000000
44.522999 0.000000

44.472000 0.000000
44.522999 0.000000
44.574001 0.577350

44.522999 0.000000
44.574001 0.577350
44.625000 0.000000

44.574001 0.577350
44.625000 0.000000
44.674999 0.000000

44.625000 0.000000
44.674999 0.000000
44.726002 0.000000

44.674999 0.000000
44.726002 0.000000
44.777000 0.000000

44.726002 0.000000
44.777000 0.000000
44.827999 0.000000

44.777000 0.000000
44.827999 0.000000
44.879002 0.000000

44.827999 0.000000
44.879002 0.000000
44.930000 0.000000

44.879002 0.000000
44.930000 0.000000
44.980999 0.577350

44.930000 0.000000
44.980999 0.577350
45.032001 0.000000

44.980999 0.577350
45.032001 0.000000
45.083000 0.000000

45.032001 0.000000
45.083000 0.000000
45.133999 0.577350

45.083000 0.000000
45.133999 0.577350
45.185001 0.000000

45.133999 0.577350
45.185001 0.000000
45.236000 0.577350

45.185001 0.000000
45.236000 0.577350
45.286999 0.000000

45.236000 0.577350
45.286999 0.000000
45.338001 0.577350

45.286999 0.000000
45.338001 0.577350
45.389000 0.000000

45.338001 0.577350
45.389000 0.000000
45.439999 0.000000

45.389000 0.000000
45.439999 0.000000
45.491001 0.577350

45.439999 0.000000
45.491001 0.577350
45.541000 0.000000

45.491001 0.577350
45.541000 0.000000
45.591999 0.577350

45.541000 0.000000
45.591999 0.577350
45.643002 0.577350

45.591999 0.577350
45.643002 0.577350
45.694000 0.577350

45.643002 0.577350
45.694000 0.577350
45.744999 0.000000

45.694000 0.577350
45.744999 0.000000
45.796001 0.000000

45.744999 0.000000
45.796001 0.000000
45.882000 0.000000

45.796001 0.000000
45.882000 0.000000
45.932999 0.577350

45.882000 0.000000
45.932999 0.577350
45.984001 0.000000

45.932999 0.577350
45.984001 0.000000
46.034000 0.000000

45.984001 0.000000
46.034000 0.000000
46.084999 0.000000

46.034000 0.000000
46.084999 0.000000
46.136002 0.000000

46.084999 0.000000
46.136002 0.000000
46.187000 0.000000

46.136002 0.000000
46.187000 0.000000
46.237999 0.577350

46.187000 0.000000
46.237999 0.577350
46.289001 0.000000

46.237999 0.577350
46.289001 0.000000
46.340000 0.000000

46.289001 0.000000
46.340000 0.000000
46.389999 0.000000

46.340000 0.000000
46.389999 0.000000
46.441002 0.000000

46.389999 0.000000
46.441002 0.000000
46.492001 0.577350

46.441002 0.000000
46.492001 0.577350
46.542999 0.000000

46.492001 0.577350
46.542999 0.000000
46.594002 0.000000

46.542999 0.000000
46.594002 0.000000
46.645000 0.577350

46.594002 0.000000
46.645000 0.577350
46.695999 0.000000

46.645000 0.577350
46.695999 0.000000
46.747002 0.000000

46.695999 0.000000
46.747002 0.000000
46.798000 0.000000

46.747002 0.000000
46.798000 0.000000
46.848999 0.000000

46.798000 0.000000
46.848999 0.000000
46.900002 0.577350

46.848999 0.000000
46.900002 0.577350
46.951000 0.000000

46.900002 0.577350
46.951000 0.000000
47.001999 0.000000

46.951000 0.000000
47.001999 0.000000
47.053001 0.000000

47.001999 0.000000
47.053001 0.000000
47.103001 0.816497

47.053001 0.000000
47.103001 0.816497
47.153999 0.000000

47.103001 0.816497
47.153999 0.000000
47.205002 0.000000

47.153999 0.000000
47.205002 0.000000
47.256001 0.000000

47.205002 0.000000
47.256001 0.000000
47.306999 0.000000

47.256001 0.000000
47.306999 0.000000
47.358002 0.000000

47.306999 0.000000
47.358002 0.000000
47.409000 0.577350

47.358002 0.000000
47.409000 0.577350
47.459000 0.000000

47.409000 0.577350
47.459000 0.000000
47.509998 0.000000

47.459000 0.000000
47.509998 0.000000
47.561001 0.000000

47.509998 0.000000
47.561001 0.000000
47.612000 0.000000

47.561001 0.000000
47.612000 0.000000
47.662998 0.000000

47.612000 0.000000
47.662998 0.000000
47.714001 0.000000

47.662998 0.000000
47.714001 0.000000
47.801998 0.000000

47.714001 0.000000
47.801998 0.000000
47.853001 0.000000

47.801998 0.000000
47.853001 0.000000
47.903999 0.000000

47.853001 0.000000
47.903999 0.000000
47.955002 0.000000

47.903999 0.000000
47.955002 0.000000
48.006001 0.000000

47.955002 0.000000
48.006001 0.000000
48.056999 0.000000

48.006001 0.000000
48.056999 0.000000
48.106998 0.000000

48.056999 0.000000
48.106998 0.000000
48.158001 0.577350

48.106998 0.000000
48.158001 0.577350
48.209000 0.000000

48.158001 0.577350
48.209000 0.000000
48.259998 0.000000

48.209000 0.000000
48.259998 0.000000
48.311001 0.000000

48.259998 0.000000
48.311001 0.000000
48.362999 0.000000

48.311001 0.000000
48.362999 0.000000
48.414001 0.000000

48.362999 0.000000
48.414001 0.000000
48.465000 0.000000

48.414001 0.000000
48.465000 0.000000
48.515999 0.000000

48.465000 0.000000
48.515999 0.000000
48.567001 0.000000

48.515999 0.000000
48.567001 0.000000
48.618000 0.000000

48.567001 0.000000
48.618000 0.000000
48.668999 0.000000

48.618000 0.000000
48.668999 0.000000
48.720001 0.577350

48.668999 0.000000
48.720001 0.577350
48.771000 0.000000

48.720001 0.577350
48.771000 0.000000
48.821999 0.000000

48.771000 0.000000
48.821999 0.000000
48.873001 0.000000

48.821999 0.000000
48.873001 0.000000
48.924000 0.577350

48.873001 0.000000
48.924000 0.577350
48.981998 0.000000

48.924000 0.577350
48.981998 0.000000
49.033001 0.577350

48.981998 0.000000
49.033001 0.577350
49.084000 0.000000

49.033001 0.577350
49.084000 0.000000
49.134998 0.577350

49.084000 0.000000
49.134998 0.577350
49.186001 0.000000

49.134998 0.577350
49.186001 0.000000
49.237000 0.000000

49.186001 0.000000
49.237000 0.000000
49.289001 0.000000

49.237000 0.000000
49.289001 0.000000
49.340000 0.000000

49.289001 0.000000
49.340000 0.000000
49.390999 0.577350

49.340000 0.000000
49.390999 0.577350
49.442001 0.000000

49.390999 0.577350
49.442001 0.000000
49.493000 0.000000

49.442001 0.000000
49.493000 0.000000
49.543999 0.000000

49.493000 0.000000
49.543999 0.000000
49.595001 0.000000

49.543999 0.000000
49.595001 0.000000
49.646000 0.000000

49.595001 0.000000
49.646000 0.000000
49.730999 0.577350

49.646000 0.000000
49.730999 0.577350
49.782001 0.000000

49.730999 0.577350
49.782001 0.000000
49.834999 0.000000

49.782001 0.000000
49.834999 0.000000
49.886002 0.000000

49.834999 0.000000
49.886002 0.000000
49.937000 0.000000

49.886002 0.000000
49.937000 0.000000
49.987999 0.000000

49.937000 0.000000
49.987999 0.000000
50.040001 0.577350

49.987999 0.000000
50.040001 0.577350
50.091000 0.000000

50.040001 0.577350
50.091000 0.000000
50.141998 0.000000

50.091000 0.000000
50.141998 0.000000
50.193001 0.000000

50.141998 0.000000
50.193001 0.000000
50.243999 0.577350

50.193001 0.000000
50.243999 0.577350
50.294998 0.577350

50.243999 0.577350
50.294998 0.577350
50.346001 0.000000

50.294998 0.577350
50.346001 0.000000
50.396999 0.000000

50.346001 0.000000
50.396999 0.000000
50.448002 0.000000

50.396999 0.000000
50.448002 0.000000
50.499001 0.000000

50.448002 0.000000
50.499001 0.000000
50.549999 0.000000

50.499001 0.000000
50.549999 0.000000
50.601002 0.000000

50.549999 0.000000
50.601002 0.000000
50.652000 0.000000

50.601002 0.000000
50.652000 0.000000
50.702000 0.000000

50.652000 0.000000
50.702000 0.000000
50.752998 0.000000

50.702000 0.000000
50.752998 0.000000
50.804001 0.000000

50.752998 0.000000
50.804001 0.000000
50.855000 0.000000

50.804001 0.000000
50.855000 0.000000
50.905998 0.000000

50.855000 0.000000
50.905998 0.000000
50.957001 0.000000

50.905998 0.000000
50.957001 0.000000
51.007999 0.000000

50.957001 0.000000
51.007999 0.000000
51.058998 0.000000

51.007999 0.000000
51.058998 0.000000
51.110001 0.000000

51.058998 0.000000
51.110001 0.000000
51.161999 0.000000

51.110001 0.000000
51.161999 0.000000
51.213001 0.000000

51.161999 0.000000
51.213001 0.000000
51.264000 0.000000

51.213001 0.000000
51.264000 0.000000
51.314999 0.000000

51.264000 0.000000
51.314999 0.000000
51.366001 0.577350

51.314999 0.000000
51.366001 0.577350
51.416000 0.000000

51.366001 0.577350
51.416000 0.000000
51.466999 0.000000

51.416000 0.000000
51.466999 0.000000
51.518002 0.000000

51.466999 0.000000
51.518002 0.000000
51.605999 0.000000

51.518002 0.000000
51.605999 0.000000
51.657001 0.000000

51.605999 0.000000
51.657001 0.000000
51.707001 0.000000

51.657001 0.000000
51.707001 0.000000
51.757999 0.000000

51.707001 0.000000
51.757999 0.000000
51.808998 0.577350

51.757999 0.000000
51.808998 0.577350
51.860001 0.577350

51.808998 0.577350
51.860001 0.577350
51.910999 0.000000

51.860001 0.577350
51.910999 0.000000
51.962002 0.577350

51.910999 0.000000
51.962002 0.577350
52.013000 0.000000

51.962002 0.577350
52.013000 0.000000
52.063999 0.000000

52.013000 0.000000
52.063999 0.000000
52.115002 0.577350

52.063999 0.000000
52.115002 0.577350
52.166000 0.000000

52.115002 0.577350
52.166000 0.000000
52.216999 0.577350

52.166000 0.000000
52.216999 0.577350
52.266998 0.000000

52.216999 0.577350
52.266998 0.000000
52.318001 0.000000

52.266998 0.000000
52.318001 0.000000
52.368999 0.000000

52.318001 0.000000
52.368999 0.000000
52.419998 0.000000

52.368999 0.000000
52.419998 0.000000
52.471001 0.000000

52.419998 0.000000
52.471001 0.000000
52.521999 0.000000

52.471001 0.000000
52.521999 0.000000
52.573002 0.000000

52.521999 0.000000
52.573002 0.000000
52.624001 0.000000

52.573002 0.000000
52.624001 0.000000
52.674999 0.000000

52.624001 0.000000
52.674999 0.000000
52.726002 0.000000

52.674999 0.000000
52.726002 0.000000
52.777000 0.000000

52.726002 0.000000
52.777000 0.000000
52.827999 0.000000

52.777000 0.000000
52.827999 0.000000
52.879002 0.577350

52.827999 0.000000
52.879002 0.577350
52.930000 0.000000

52.879002 0.577350
52.930000 0.000000
52.980999 0.000000

52.930000 0.000000
52.980999 0.000000
53.032001 0.000000

52.980999 0.000000
53.032001 0.000000
53.082001 0.000000

53.032001 0.000000
53.082001 0.000000
53.132999 0.000000

53.082001 0.000000
53.132999 0.000000
53.183998 0.000000

53.132999 0.000000
53.183998 0.000000
53.234001 0.000000

53.183998 0.000000
53.234001 0.000000
53.285000 0.816497

53.234001 0.000000
53.285000 0.816497
53.335999 0.000000

53.285000 0.816497
53.335999 0.000000
53.387001 0.000000

53.335999 0.000000
53.387001 0.000000
53.438000 0.000000

53.387001 0.000000
53.438000 0.000000
53.521999 0.000000

53.438000 0.000000
53.521999 0.000000
53.573002 0.000000

53.521999 0.000000
53.573002 0.000000
53.624001 0.577350

53.573002 0.000000
53.624001 0.577350
53.674999 0.000000

53.624001 0.577350
53.674999 0.000000
53.726002 0.000000

53.674999 0.000000
53.726002 0.000000
53.778000 0.000000

53.726002 0.000000
53.778000 0.000000
53.828999 0.000000

53.778000 0.000000
53.828999 0.000000
53.880001 0.000000

53.828999 0.000000
53.880001 0.000000
53.931000 0.577350

53.880001 0.000000
53.931000 0.577350
53.980999 0.000000

53.931000 0.577350
53.980999 0.000000
54.032001 0.000000

53.980999 0.000000
54.032001 0.000000
54.083000 0.000000

54.032001 0.000000
54.083000 0.000000
54.133999 0.000000

54.083000 0.000000
54.133999 0.000000
54.185001 0.000000

54.133999 0.000000
54.185001 0.000000
54.236000 0.000000

54.185001 0.000000
54.236000 0.000000
54.286999 0.000000

54.236000 0.000000
54.286999 0.000000
54.338001 0.000000

54.286999 0.000000
54.338001 0.000000
54.389000 0.000000

54.338001 0.000000
54.389000 0.000000
54.439999 0.000000

54.389000 0.000000
54.439999 0.000000
54.491001 0.000000

54.439999 0.000000
54.491001 0.000000
54.542000 0.577350

54.491001 0.000000
54.542000 0.577350
54.594002 0.000000

54.542000 0.577350
54.594002 0.000000
54.645000 0.577350

54.594002 0.000000
54.645000 0.577350
54.695999 0.000000

54.645000 0.577350
54.695999 0.000000
54.747002 0.000000

54.695999 0.000000
54.747002 0.000000
54.797001 0.000000

54.747002 0.000000
54.797001 0.000000
54.848000 0.000000

54.797001 0.000000
54.848000 0.000000
54.898998 0.000000

54.848000 0.000000
54.898998 0.000000
54.950001 0.577350

54.898998 0.000000
54.950001 0.577350
55.000999 0.000000

54.950001 0.577350
55.000999 0.000000
55.051998 0.000000

55.000999 0.000000
55.051998 0.000000
55.103001 0.000000

55.051998 0.000000
55.103001 0.000000
55.153999 0.000000

55.103001 0.000000
55.153999 0.000000
55.205002 0.577350

55.153999 0.000000
55.205002 0.577350
55.256001 0.000000

55.205002 0.577350
55.256001 0.000000
55.306999 0.577350

55.256001 0.000000
55.306999 0.577350
55.358002 0.000000

55.306999 0.577350
55.358002 0.000000
55.444000 0.577350

55.358002 0.000000
55.444000 0.577350
55.494999 0.000000

55.444000 0.577350
55.494999 0.000000
55.546001 0.000000

55.494999 0.000000
55.546001 0.000000
55.597000 0.000000

55.546001 0.000000
55.597000 0.000000
55.647999 0.577350

55.597000 0.000000
55.647999 0.577350
55.699001 0.000000

55.647999 0.577350
55.699001 0.000000
55.750000 0.000000

55.699001 0.000000
55.750000 0.000000
55.800999 0.000000

55.750000 0.000000
55.800999 0.000000
55.852001 0.000000

55.800999 0.000000
55.852001 0.000000
55.903000 0.000000

55.852001 0.000000
55.903000 0.000000
55.953999 0.000000

55.903000 0.000000
55.953999 0.000000
56.005001 0.000000

55.953999 0.000000
56.005001 0.000000
56.056000 0.577350

56.005001 0.000000
56.056000 0.577350
56.108002 0.577350

56.056000 0.577350
56.108002 0.577350
56.159000 0.000000

56.108002 0.577350
56.159000 0.000000
56.209999 0.000000

56.159000 0.000000
56.209999 0.000000
56.261002 0.000000

56.209999 0.000000
56.261002 0.000000
56.312000 0.000000

56.261002 0.000000
56.312000 0.000000
56.362999 0.000000

56.312000 0.000000
56.362999 0.000000
56.414001 0.000000

56.362999 0.000000
56.414001 0.000000
56.466000 0.000000

56.414001 0.000000
56.466000 0.000000
56.519001 0.000000

56.466000 0.000000
56.519001 0.000000
56.570000 0.000000

56.519001 0.000000
56.570000 0.000000
56.620998 0.000000

56.570000 0.000000
56.620998 0.000000
56.674000 0.000000

56.620998 0.000000
56.674000 0.000000
56.724998 0.000000

56.674000 0.000000
56.724998 0.000000
56.776001 0.000000

56.724998 0.000000
56.776001 0.000000
56.827000 0.000000

56.776001 0.000000
56.827000 0.000000
56.877998 0.000000

56.827000 0.000000
56.877998 0.000000
56.929001 0.000000

56.877998 0.000000
56.929001 0.000000
56.980000 0.000000

56.929001 0.000000
56.980000 0.000000
57.030998 0.000000

56.980000 0.000000
57.030998 0.000000
57.082001 0.000000

57.030998 0.000000
57.082001 0.000000
57.132999 0.000000

57.082001 0.000000
57.132999 0.000000
57.185001 0.000000

57.132999 0.000000
57.185001 0.000000
57.271000 0.577350

57.185001 0.000000
57.271000 0.577350
57.321999 0.000000

57.271000 0.577350
57.321999 0.000000
57.372002 0.577350

57.321999 0.000000
57.372002 0.577350
57.423000 0.000000

57.372002 0.577350
57.423000 0.000000
57.473000 0.000000

57.423000 0.000000
57.473000 0.000000
57.523998 0.577350

57.473000 0.000000
57.523998 0.577350
57.575001 0.000000

57.523998 0.577350
57.575001 0.000000
57.625999 0.577350

57.575001 0.000000
57.625999 0.577350
57.676998 0.000000

57.625999 0.577350
57.676998 0.000000
57.728001 0.000000

57.676998 0.000000
57.728001 0.000000
57.778999 0.000000

57.728001 0.000000
57.778999 0.000000
57.830002 0.000000

57.778999 0.000000
57.830002 0.000000
57.881001 0.000000

57.830002 0.000000
57.881001 0.000000
57.931999 0.577350

57.881001 0.000000
57.931999 0.577350
57.983002 0.000000

57.931999 0.577350
57.983002 0.000000
58.034000 0.000000

57.983002 0.000000
58.034000 0.000000
58.084999 0.000000

58.034000 0.000000
58.084999 0.000000
58.136002 0.000000

58.084999 0.000000
58.136002 0.000000
58.187000 0.000000

58.136002 0.000000
58.187000 0.000000
58.237000 0.000000

58.187000 0.000000
58.237000 0.000000
58.287998 0.000000

58.237000 0.000000
58.287998 0.000000
58.339001 0.000000

58.287998 0.000000
58.339001 0.000000
58.389000 0.000000

58.339001 0.000000
58.389000 0.000000
58.439999 0.000000

58.389000 0.000000
58.439999 0.000000
58.491001 0.000000

58.439999 0.000000
58.491001 0.000000
58.542000 0.000000

58.491001 0.000000
58.542000 0.000000
58.592999 0.000000

58.542000 0.000000
58.592999 0.000000
58.644001 0.000000

58.592999 0.000000
58.644001 0.000000
58.695000 0.000000

58.644001 0.000000
58.695000 0.000000
58.745998 0.000000

58.695000 0.000000
58.745998 0.000000
58.797001 0.000000

58.745998 0.000000
58.797001 0.000000
58.848000 0.000000

58.797001 0.000000
58.848000 0.000000
58.898998 0.000000

58.848000 0.000000
58.898998 0.000000
58.950001 0.000000

58.898998 0.000000
58.950001 0.000000
59.000999 0.000000

58.950001 0.000000
59.000999 0.000000
59.051998 0.000000

59.000999 0.000000
59.051998 0.000000
59.102001 0.000000

59.051998 0.000000
59.102001 0.000000
59.188999 0.000000

59.102001 0.000000
59.188999 0.000000
59.238998 0.000000

59.188999 0.000000
59.238998 0.000000
59.290001 0.000000

59.238998 0.000000
59.290001 0.000000
59.341000 0.577350

59.290001 0.000000
59.341000 0.577350
59.391998 0.000000

59.341000 0.577350
59.391998 0.000000
59.443001 0.000000

59.391998 0.000000
59.443001 0.000000
59.493999 0.000000

59.443001 0.000000
59.493999 0.000000
59.543999 0.000000

59.493999 0.000000
59.543999 0.000000
59.595001 0.577350

59.543999 0.000000
59.595001 0.577350
59.646000 0.000000

59.595001 0.577350
59.646000 0.000000
59.696999 0.577350

59.646000 0.000000
59.696999 0.577350
59.748001 1.154701

59.696999 0.577350
59.748001 1.154701
59.799000 0.000000

59.748001 1.154701
59.799000 0.000000
59.849998 0.000000

59.799000 0.000000
59.849998 0.000000
59.901001 0.000000

59.849998 0.000000
59.901001 0.000000
59.952000 0.000000

59.901001 0.000000
59.952000 0.000000
60.002998 0.577350

59.952000 0.000000
60.002998 0.577350
60.054001 0.000000

60.002998 0.577350
60.054001 0.000000
60.104000 0.000000

60.054001 0.000000
60.104000 0.000000
60.154999 0.000000

60.104000 0.000000
60.154999 0.000000
60.206001 0.000000

60.154999 0.000000
60.206001 0.000000
60.257000 0.000000

60.206001 0.000000
60.257000 0.000000
60.307999 0.000000

60.257000 0.000000
60.307999 0.000000
60.359001 0.000000

60.307999 0.000000
60.359001 0.000000
60.410000 0.000000

60.359001 0.000000
60.410000 0.000000
60.460999 0.577350

60.410000 0.000000
60.460999 0.577350
60.512001 0.000000

60.460999 0.577350
60.512001 0.000000
60.563000 0.000000

60.512001 0.000000
60.563000 0.000000
60.613998 0.000000

60.563000 0.000000
60.613998 0.000000
60.664001 0.577350

60.613998 0.000000
60.664001 0.577350
60.715000 0.000000

60.664001 0.577350
60.715000 0.000000
60.765999 0.000000

60.715000 0.000000
60.765999 0.000000
60.817001 0.577350

60.765999 0.000000
60.817001 0.577350
60.868000 0.000000

60.817001 0.577350
60.868000 0.000000
60.917999 0.000000

60.868000 0.000000
60.917999 0.000000
60.969002 0.000000

60.917999 0.000000
60.969002 0.000000
61.020000 0.000000

60.969002 0.000000
61.020000 0.000000
61.108002 0.000000

61.020000 0.000000
61.108002 0.000000
61.159000 0.000000

61.108002 0.000000
61.159000 0.000000
61.209999 0.000000

61.159000 0.000000
61.209999 0.000000
61.261002 0.000000

61.209999 0.000000
61.261002 0.000000
61.312000 0.000000

61.261002 0.000000
61.312000 0.000000
61.362999 0.000000

61.312000 0.000000
61.362999 0.000000
61.414001 0.000000

61.362999 0.000000
61.414001 0.000000
61.465000 0.000000

61.414001 0.000000
61.465000 0.000000
61.515999 0.000000

61.465000 0.000000
61.515999 0.000000
61.567001 1.154701

61.515999 0.000000
61.567001 1.154701
61.618000 0.000000

61.567001 1.154701
61.618000 0.000000
61.668999 0.577350

61.618000 0.000000
61.668999 0.577350
61.720001 0.000000

61.668999 0.577350
61.720001 0.000000
61.771000 0.000000

61.720001 0.000000
61.771000 0.000000
61.821999 0.000000

61.771000 0.000000
61.821999 0.000000
61.873001 0.000000

61.821999 0.000000
61.873001 0.000000
61.924000 0.577350

61.873001 0.000000
61.924000 0.577350
61.974998 0.000000

61.924000 0.577350
61.974998 0.000000
62.026001 0.000000

61.974998 0.000000
62.026001 0.000000
62.077000 0.000000

62.026001 0.000000
62.077000 0.000000
62.127998 0.000000

62.077000 0.000000
62.127998 0.000000
62.179001 0.000000

62.127998 0.000000
62.179001 0.000000
62.230000 0.000000

62.179001 0.000000
62.230000 0.000000
62.282001 0.000000

62.230000 0.000000
62.282001 0.000000
62.333000 0.000000

62.282001 0.000000
62.333000 0.000000
62.383999 0.000000

62.333000 0.000000
62.383999 0.000000
62.435001 0.000000

62.383999 0.000000
62.435001 0.000000
62.486000 0.000000

62.435001 0.000000
62.486000 0.000000
62.536999 0.000000

62.486000 0.000000
62.536999 0.000000
62.588001 0.000000

62.536999 0.000000
62.588001 0.000000
62.646000 0.000000

62.588001 0.000000
62.646000 0.000000
62.696999 0.000000

62.646000 0.000000
62.696999 0.000000
62.748001 0.000000

62.696999 0.000000
62.748001 0.000000
62.799000 0.000000

62.748001 0.000000
62.799000 0.000000
62.851002 0.000000

62.799000 0.000000
62.851002 0.000000
62.902000 0.000000

62.851002 0.000000
62.902000 0.000000
62.952999 0.000000

62.902000 0.000000
62.952999 0.000000
63.037998 0.000000

62.952999 0.000000
63.037998 0.000000
63.089001 0.000000

63.037998 0.000000
63.089001 0.000000
63.139999 0.000000

63.089001 0.000000
63.139999 0.000000
63.192001 0.000000

63.139999 0.000000
63.192001 0.000000
63.243000 0.000000

63.192001 0.000000
63.243000 0.000000
63.293999 0.000000

63.243000 0.000000
63.293999 0.000000
63.346001 0.000000

63.293999 0.000000
63.346001 0.000000
63.398998 0.000000

63.346001 0.000000
63.398998 0.000000
63.451000 0.000000

63.398998 0.000000
63.451000 0.000000
63.501999 0.000000

63.451000 0.000000
63.501999 0.000000
63.555000 0.000000

63.501999 0.000000
63.555000 0.000000
63.606998 0.000000

63.555000 0.000000
63.606998 0.000000
63.658001 0.000000

63.606998 0.000000
63.658001 0.000000
63.709999 0.000000

63.658001 0.000000
63.709999 0.000000
63.761002 0.000000

63.709999 0.000000
63.761002 0.000000
63.812000 0.000000

63.761002 0.000000
63.812000 0.000000
63.863998 0.000000

63.812000 0.000000
63.863998 0.000000
63.915001 0.816497

63.863998 0.000000
63.915001 0.816497
63.966000 0.000000

63.915001 0.816497
63.966000 0.000000
64.017998 0.577350

63.966000 0.000000
64.017998 0.577350
64.069000 0.000000

64.017998 0.577350
64.069000 0.000000
64.120003 0.000000

64.069000 0.000000
64.120003 0.000000
64.171997 0.000000

64.120003 0.000000
64.171997 0.000000
64.223000 0.000000

64.171997 0.000000
64.223000 0.000000
64.274002 0.000000

64.223000 0.000000
64.274002 0.000000
64.324997 0.000000

64.274002 0.000000
64.324997 0.000000
64.375999 0.000000

64.324997 0.000000
64.375999 0.000000
64.427002 0.000000

64.375999 0.000000
64.427002 0.000000
64.478996 0.577350

64.427002 0.000000
64.478996 0.577350
64.529999 0.000000

64.478996 0.577350
64.529999 0.000000
64.582001 0.000000

64.529999 0.000000
64.582001 0.000000
64.633003 0.000000

64.582001 0.000000
64.633003 0.000000
64.683998 0.000000

64.633003 0.000000
64.683998 0.000000
64.736000 0.577350

64.683998 0.000000
64.736000 0.577350
64.787003 0.000000

64.736000 0.577350
64.787003 0.000000
64.862000 0.000000

64.787003 0.000000
64.862000 0.000000
64.913002 0.000000

64.862000 0.000000
64.913002 0.000000
64.963997 0.000000

64.913002 0.000000
64.963997 0.000000
65.014999 0.000000

64.963997 0.000000
65.014999 0.000000
65.066002 0.000000

65.014999 0.000000
65.066002 0.000000
65.116997 0.000000

65.066002 0.000000
65.116997 0.000000
65.167999 0.000000

65.116997 0.000000
65.167999 0.000000
65.219002 0.000000

65.167999 0.000000
65.219002 0.000000
65.269997 0.000000

65.219002 0.000000
65.269997 0.000000
65.320999 0.000000

65.269997 0.000000
65.320999 0.000000
65.373001 0.000000

65.320999 0.000000
65.373001 0.000000
65.424004 0.000000

65.373001 0.000000
65.424004 0.000000
65.474998 0.000000

65.424004 0.000000
65.474998 0.000000
65.527000 0.000000

65.474998 0.000000
65.527000 0.000000
65.578003 0.577350

65.527000 0.000000
65.578003 0.577350
65.628998 0.000000

65.578003 0.577350
65.628998 0.000000
65.681000 0.000000

65.628998 0.000000
65.681000 0.000000
65.732002 0.577350

65.681000 0.000000
65.732002 0.577350
65.782997 0.000000

65.732002 0.577350
65.782997 0.000000
65.834000 0.000000

65.782997 0.000000
65.834000 0.000000
65.886002 0.000000

65.834000 0.000000
65.886002 0.000000
65.935997 0.816497

65.886002 0.000000
65.935997 0.816497
65.987999 0.000000

65.935997 0.816497
65.987999 0.000000
66.039001 0.000000

65.987999 0.000000
66.039001 0.000000
66.089996 0.577350

66.039001 0.000000
66.089996 0.577350
66.140999 0.000000

66.089996 0.577350
66.140999 0.000000
66.192001 0.000000

66.140999 0.000000
66.192001 0.000000
66.242996 0.000000

66.192001 0.000000
66.242996 0.000000
66.294998 0.000000

66.242996 0.000000
66.294998 0.000000
66.346001 0.000000

66.294998 0.000000
66.346001 0.000000
66.397003 0.000000

66.346001 0.000000
66.397003 0.000000
66.448997 0.000000

66.397003 0.000000
66.448997 0.000000
66.500000 0.000000

66.448997 0.000000
66.500000 0.000000
66.551003 0.000000

66.500000 0.000000
66.551003 0.000000
66.601997 0.000000

66.551003 0.000000
66.601997 0.000000
66.653999 0.000000

66.601997 0.000000
66.653999 0.000000
66.705002 0.000000

66.653999 0.000000
66.705002 0.000000
66.789001 0.577350

66.705002 0.000000
66.789001 0.577350
66.838997 0.577350

66.789001 0.577350
66.838997 0.577350
66.890999 0.000000

66.838997 0.577350
66.890999 0.000000
66.942001 0.000000

66.890999 0.000000
66.942001 0.000000
66.992996 0.577350

66.942001 0.000000
66.992996 0.577350
67.043999 0.000000

66.992996 0.577350
67.043999 0.000000
67.095001 0.000000

67.043999 0.000000
67.095001 0.000000
67.147003 0.000000

67.095001 0.000000
67.147003 0.000000
67.197998 0.577350

67.147003 0.000000
67.197998 0.577350
67.249001 0.000000

67.197998 0.577350
67.249001 0.000000
67.301003 0.000000

67.249001 0.000000
67.301003 0.000000
67.351997 0.000000

67.301003 0.000000
67.351997 0.000000
67.403000 0.577350

67.351997 0.000000
67.403000 0.577350
67.455002 0.000000

67.403000 0.577350
67.455002 0.000000
67.505997 0.000000

67.455002 0.000000
67.505997 0.000000
67.557999 0.577350

67.505997 0.000000
67.557999 0.577350
67.609001 0.000000

67.557999 0.577350
67.609001 0.000000
67.660004 0.000000

67.609001 0.000000
67.660004 0.000000
67.712997 0.577350

67.660004 0.000000
67.712997 0.577350
67.764000 0.000000

67.712997 0.577350
67.764000 0.000000
67.814003 0.000000

67.764000 0.000000
67.814003 0.000000
67.864998 0.000000

67.814003 0.000000
67.864998 0.000000
67.916000 0.000000

67.864998 0.000000
67.916000 0.000000
67.967003 0.000000

67.916000 0.000000
67.967003 0.000000
68.017998 0.000000

67.967003 0.000000
68.017998 0.000000
68.070000 0.000000

68.017998 0.000000
68.070000 0.000000
68.121002 1.154701

68.070000 0.000000
68.121002 1.154701
68.171997 0.000000

68.121002 1.154701
68.171997 0.000000
68.223000 0.000000

68.171997 0.000000
68.223000 0.000000
68.274002 0.000000

68.223000 0.000000
68.274002 0.000000
68.324997 0.577350

68.274002 0.000000
68.324997 0.577350
68.375999 0.000000

68.324997 0.577350
68.375999 0.000000
68.427002 0.577350

68.375999 0.000000
68.427002 0.577350
68.477997 0.000000

68.427002 0.577350
68.477997 0.000000
68.528999 0.000000

68.477997 0.000000
68.528999 0.000000
68.580002 0.000000

68.528999 0.000000
68.580002 0.000000
68.630997 0.000000

68.580002 0.000000
68.630997 0.000000
68.717003 0.000000

68.630997 0.000000
68.717003 0.000000
68.767998 0.000000

68.717003 0.000000
68.767998 0.000000
68.819000 0.577350

68.767998 0.000000
68.819000 0.577350
68.870003 0.000000

68.819000 0.577350
68.870003 0.000000
68.920998 0.000000

68.870003 0.000000
68.920998 0.000000
68.972000 0.000000

68.920998 0.000000
68.972000 0.000000
69.023003 0.000000

68.972000 0.000000
69.023003 0.000000
69.073997 0.000000

69.023003 0.000000
69.073997 0.000000
69.125000 1.154701

69.073997 0.000000
69.125000 1.154701
69.176003 0.000000

69.125000 1.154701
69.176003 0.000000
69.226997 0.577350

69.176003 0.000000
69.226997 0.577350
69.278000 0.000000

69.226997 0.577350
69.278000 0.000000
69.329002 0.000000

69.278000 0.000000
69.329002 0.000000
69.379997 0.816497

69.329002 0.000000
69.379997 0.816497
69.431000 0.577350

69.379997 0.816497
69.431000 0.577350
69.482002 0.000000

69.431000 0.577350
69.482002 0.000000
69.532997 0.000000

69.482002 0.000000
69.532997 0.000000
69.584000 0.000000

69.532997 0.000000
69.584000 0.000000
69.635002 0.000000

69.584000 0.000000
69.635002 0.000000
69.685997 1.732051

69.635002 0.000000
69.685997 1.732051
69.737000 0.000000

69.685997 1.732051
69.737000 0.000000
69.788002 0.000000

69.737000 0.000000
69.788002 0.000000
69.838997 0.000000

69.788002 0.000000
69.838997 0.000000
69.890999 0.000000

69.838997 0.000000
69.890999 0.000000
69.942001 0.577350

69.890999 0.000000
69.942001 0.577350
69.992996 1.154701

69.942001 0.577350
69.992996 1.154701
70.043999 0.000000

69.992996 1.154701
70.043999 0.000000
70.095001 1.632993

70.043999 0.000000
70.095001 1.632993
70.146004 0.000000

70.095001 1.632993
70.146004 0.000000
70.196999 0.000000

70.146004 0.000000
70.196999 0.000000
70.250000 0.000000

70.196999 0.000000
70.250000 0.000000
70.301003 0.000000

70.250000 0.000000
70.301003 0.000000
70.362999 0.000000

70.301003 0.000000
70.362999 0.000000
70.414001 1.154701

70.362999 0.000000
70.414001 1.154701
70.464996 0.000000

70.414001 1.154701
70.464996 0.000000
70.552002 0.000000

70.464996 0.000000
70.552002 0.000000
70.602997 1.732051

70.552002 0.000000
70.602997 1.732051
70.653999 0.577350

70.602997 1.732051
70.653999 0.577350
70.705002 0.577350

70.653999 0.577350
70.705002 0.577350
70.755997 0.000000

70.705002 0.577350
70.755997 0.000000
70.806000 0.000000

70.755997 0.000000
70.806000 0.000000
70.857002 32.746502

70.806000 0.000000
70.857002 32.746502
70.907997 54.851315

70.857002 32.746502
70.907997 54.851315
70.959000 0.000000

70.907997 54.851315
70.959000 0.000000
71.010002 25.560385

70.959000 0.000000
71.010002 25.560385
71.060997 0.000000

71.010002 25.560385
71.060997 0.000000
71.112000 11.090536

71.060997 0.000000
71.112000 11.090536
71.163002 0.000000

71.112000 11.090536
71.163002 0.000000
71.212997 0.577350

71.163002 0.000000
71.212997 0.577350
71.264000 4.163332

71.212997 0.577350
71.264000 4.163332
71.315002 0.000000

71.264000 4.163332
71.315002 0.000000
71.365997 1.154701

71.315002 0.000000
71.365997 1.154701
71.417000 0.816497

71.365997 1.154701
71.417000 0.816497
71.468002 13.856406

71.417000 0.816497
71.468002 13.856406
71.518997 10.392304

71.468002 13.856406
71.518997 10.392304
71.570000 0.000000

71.518997 10.392304
71.570000 0.000000
71.621002 9.814955

71.570000 0.000000
71.621002 9.814955
71.670998 0.816497

71.621002 9.814955
71.670998 0.816497
71.722000 0.577350

71.670998 0.816497
71.722000 0.577350
71.773003 2.886751

71.722000 0.577350
71.773003 2.886751
71.823997 0.000000

71.773003 2.886751
71.823997 0.000000
71.875000 0.000000

71.823997 0.000000
71.875000 0.000000
71.926003 0.577350

71.875000 0.000000
71.926003 0.577350
71.976997 0.000000

71.926003 0.577350
71.976997 0.000000
72.027000 0.000000

71.976997 0.000000
72.027000 0.000000
72.078003 0.000000

72.027000 0.000000
72.078003 0.000000
72.128998 0.577350

72.078003 0.000000
72.128998 0.577350
72.180000 0.000000

72.128998 0.577350
72.180000 0.000000
72.231003 0.000000

72.180000 0.000000
72.231003 0.000000
72.281998 0.000000

72.231003 0.000000
72.281998 0.000000
72.333000 0.000000

72.281998 0.000000
72.333000 0.000000
72.414001 0.000000

72.333000 0.000000
72.414001 0.000000
72.473000 0.000000

72.414001 0.000000
72.473000 0.000000
72.524002 0.000000

72.473000 0.000000
72.524002 0.000000
72.574997 0.000000

72.524002 0.000000
72.574997 0.000000
72.625999 0.577350

72.574997 0.000000
72.625999 0.577350
72.677002 0.000000

72.625999 0.577350
72.677002 0.000000
72.727997 0.000000

72.677002 0.000000
72.727997 0.000000
72.778000 0.000000

72.727997 0.000000
72.778000 0.000000
72.829002 0.000000

72.778000 0.000000
72.829002 0.000000
72.879997 0.000000

72.829002 0.000000
72.879997 0.000000
72.931000 0.000000

72.879997 0.000000
72.931000 0.000000
72.981003 0.000000

72.931000 0.000000
72.981003 0.000000
73.031998 0.000000

72.981003 0.000000
73.031998 0.000000
73.083000 0.000000

73.031998 0.000000
73.083000 0.000000
73.134003 0.000000

73.083000 0.000000
73.134003 0.000000
73.184998 0.000000

73.134003 0.000000
73.184998 0.000000
73.236000 0.000000

73.184998 0.000000
73.236000 0.000000
73.287003 0.000000

73.236000 0.000000
73.287003 0.000000
73.337997 0.000000

73.287003 0.000000
73.337997 0.000000
73.389000 0.000000

73.337997 0.000000
73.389000 0.000000
73.440002 0.000000

73.389000 0.000000
73.440002 0.000000
73.490997 0.000000

73.440002 0.000000
73.490997 0.000000
73.542000 0.000000

73.490997 0.000000
73.542000 0.000000
73.593002 0.000000

73.542000 0.000000
73.593002 0.000000
73.643997 0.000000

73.593002 0.000000
73.643997 0.000000
73.695000 0.000000

73.643997 0.000000
73.695000 0.000000
73.745003 0.000000

73.695000 0.000000
73.745003 0.000000
73.795998 0.000000

73.745003 0.000000
73.795998 0.000000
73.847000 0.000000

73.795998 0.000000
73.847000 0.000000
73.897003 0.000000

73.847000 0.000000
73.897003 0.000000
73.947998 0.000000

73.897003 0.000000
73.947998 0.000000
73.999001 0.000000

73.947998 0.000000
73.999001 0.000000
74.050003 0.000000

73.999001 0.000000
74.050003 0.000000
74.100998 0.000000

74.050003 0.000000
74.100998 0.000000
74.152000 0.000000

74.100998 0.000000
74.152000 0.000000
74.203003 0.577350

74.152000 0.000000
74.203003 0.577350
74.253998 0.000000

74.203003 0.577350
74.253998 0.000000
74.341003 0.000000

74.253998 0.000000
74.341003 0.000000
74.391998 0.000000

74.341003 0.000000
74.391998 0.000000
74.443001 0.000000

74.391998 0.000000
74.443001 0.000000
74.494003 0.000000

74.443001 0.000000
74.494003 0.000000
74.544998 0.000000

74.494003 0.000000
74.544998 0.000000
74.596001 0.000000

74.544998 0.000000
74.596001 0.000000
74.647003 0.000000

74.596001 0.000000
74.647003 0.000000
74.697998 0.000000

74.647003 0.000000
74.697998 0.000000
74.749001 0.000000

74.697998 0.000000
74.749001 0.000000
74.800003 0.000000

74.749001 0.000000
74.800003 0.000000
74.850998 0.000000

74.800003 0.000000
74.850998 0.000000
74.902000 0.000000

74.850998 0.000000
74.902000 0.000000
74.953003 0.000000

